[[[ 347  350  348  162]]

 [[ 350  352  351  114]]

 [[ 356  360  359  186]]

 [[   0   15    1  238]]

 [[  15   18   16  162]]

 [[  18   47   25  703]]

 [[  48   52   49  114]]

 [[  52   65   55  226]]

 [[  65  166  120 2092]]

 [[ 215  319  267 1369]]

 [[ 319  330  329  232]]]
@ @
[[[ 365  385  366  243]]

 [[ 385  391  386  210]]

 [[ 391  395  392  114]]

 [[ 398  401  400  162]]

 [[ 401  412  411  232]]

 [[   0    3    1  162]]

 [[   3   36   15  826]]

 [[  36   38   37  114]]

 [[  41   43   42  114]]

 [[  43   58   48  309]]

 [[  58   61   60  162]]

 [[  61  186  113 3566]]

 [[ 234  350  304 1400]]

 [[ 350  354  353  186]]

 [[ 354  361  360  217]]]
@ @
[[[ 336  342  337  114]]

 [[ 342  345  344  142]]

 [[ 350  353  351  142]]

 [[ 353  356  355  162]]

 [[   0    4    1  114]]

 [[   4    7    6  142]]

 [[   7   11   10  154]]

 [[  11   30   26  331]]

 [[  34   38   35  114]]

 [[  38   41   40  162]]

 [[  41  159  107 3045]]

 [[ 198  292  247 1987]]

 [[ 292  297  296  201]]

 [[ 297  319  303  275]]]
@ @
[[[ 361  365  362  186]]

 [[ 365  371  366  162]]

 [[ 371  377  372  114]]

 [[ 377  380  379  142]]

 [[ 385  388  386  142]]

 [[   0   21    8  623]]

 [[  23   45   29  611]]

 [[  45   49   46  114]]

 [[  49  173  120 2881]]

 [[ 226  348  291 1617]]]
@ @
[[[ 314  320  315  162]]

 [[ 320  323  322  142]]

 [[ 323  326  324  142]]

 [[ 326  328  327  114]]

 [[ 328  344  337  310]]

 [[   0   28   10  774]]

 [[  28   31   29  162]]

 [[  31   33   32  114]]

 [[  35   37   36  114]]

 [[  37   52   44  294]]

 [[  52   58   54  162]]

 [[  58  147  108 1170]]

 [[ 200  288  242 3014]]

 [[ 288  300  290  162]]

 [[ 300  304  303  186]]]
@ @
[[[ 334  339  335  201]]

 [[ 339  343  340  186]]

 [[ 343  345  344  114]]

 [[ 345  348  347  142]]

 [[ 350  353  351  142]]

 [[ 353  357  354  114]]

 [[ 357  360  359  162]]

 [[ 360  364  363  186]]

 [[   0    3    1  162]]

 [[   3    9    4  114]]

 [[   9   28   14  310]]

 [[  28   31   30  142]]

 [[  38   44   39  142]]

 [[  44   47   46  162]]

 [[  47  157  105 2574]]

 [[ 207  313  251 1589]]

 [[ 313  318  317  201]]]
@ @
[[[ 378  387  379  226]]

 [[ 387  394  388  217]]

 [[ 394  399  395  201]]

 [[ 399  406  403  211]]

 [[ 406  411  409  190]]

 [[ 411  417  412  114]]

 [[ 421  424  423  162]]

 [[   0   14    7  246]]

 [[  14   17   15  162]]

 [[  17   19   18  114]]

 [[  19   58   30  765]]

 [[  60   63   61  142]]

 [[  63   83   65  229]]

 [[  91  202  135 3116]]

 [[ 252  365  314 1714]]

 [[ 365  370  369  201]]]
@ @
[[[ 364  371  365  217]]

 [[ 371  377  372  210]]

 [[ 377  382  378  201]]

 [[ 382  390  383  186]]

 [[ 390  397  394  211]]

 [[ 397  403  398  162]]

 [[ 403  409  404  114]]

 [[ 410  413  411  142]]

 [[   0   16    6  419]]

 [[  16   20   17  114]]

 [[  20   59   31  919]]

 [[  63   65   64  114]]

 [[  65   79   75  303]]

 [[  79   84   81  190]]

 [[  84   87   86  162]]

 [[  93  195  141 2660]]

 [[ 247  352  299 1598]]

 [[ 352  357  356  201]]]
@ @
[[[ 389  397  390  222]]

 [[ 397  403  398  210]]

 [[ 403  408  404  201]]

 [[ 408  423  409  162]]

 [[ 423  427  424  114]]

 [[   0   17    7  369]]

 [[  17   58   48  892]]

 [[  58   60   59  114]]

 [[  63   85   72  343]]

 [[  85   88   87  162]]

 [[  94  207  144 3253]]

 [[ 258  371  310 1657]]

 [[ 371  376  375  201]]]
@ @
[[[ 383  391  384  222]]

 [[ 391  398  392  217]]

 [[ 398  410  399  186]]

 [[ 410  413  411  162]]

 [[ 413  421  416  210]]

 [[ 421  423  422  114]]

 [[ 428  430  429  114]]

 [[   0   18    8  324]]

 [[  18   60   32  916]]

 [[  60   63   62  142]]

 [[  63   66   64  142]]

 [[  66   84   73  343]]

 [[  84   89   86  190]]

 [[  96  206  143 3194]]

 [[ 257  368  314 1583]]

 [[ 368  373  372  201]]]
@ @
[[[ 382  390  383  222]]

 [[ 390  396  391  210]]

 [[ 396  404  397  186]]

 [[ 404  407  405  162]]

 [[ 407  412  410  190]]

 [[ 412  414  413  114]]

 [[ 419  421  420  114]]

 [[   0   14    7  246]]

 [[  14   17   15  162]]

 [[  17   56   34  733]]

 [[  56   58   57  114]]

 [[  60   77   70  293]]

 [[  77   81   78  114]]

 [[  81   84   83  162]]

 [[  89  202  141 3281]]

 [[ 252  362  305 1709]]

 [[ 362  367  366  201]]]
@ @
[[[ 365  373  366  222]]

 [[ 373  378  374  201]]

 [[ 378  382  379  186]]

 [[ 382  391  383  162]]

 [[ 391  393  392  114]]

 [[ 398  401  400  162]]

 [[   0    5    1  201]]

 [[   5   16    9  225]]

 [[  16   54   34  689]]

 [[  54   56   55  114]]

 [[  60   75   70  301]]

 [[  75   79   76  114]]

 [[  79   83   82  186]]

 [[  86  193  126 3066]]

 [[ 240  344  294 1496]]

 [[ 344  348  347  186]]]
@ @
[[[ 388  392  389  186]]

 [[ 392  398  393  162]]

 [[ 398  402  399  114]]

 [[ 402  405  404  142]]

 [[ 410  414  411  114]]

 [[   0   23    9  821]]

 [[  23   27   24  186]]

 [[  27   57   37  990]]

 [[  61   65   64  186]]

 [[  65  190  150 1901]]

 [[ 249  369  305 2785]]]
@ @
[[[ 362  367  363  201]]

 [[ 367  389  376  238]]

 [[ 389  395  390  162]]

 [[ 395  398  397  142]]

 [[ 400  402  401  114]]

 [[   0   16    8  367]]

 [[  16   18   17  114]]

 [[  18   53   28  829]]

 [[  54   58   55  114]]

 [[  58   72   64  276]]

 [[  72   75   74  162]]

 [[  81  188  130 3046]]

 [[ 237  347  298 1168]]]
@ @
[[[ 347  386  363  749]]

 [[ 386  390  387  186]]

 [[ 390  396  391  114]]

 [[ 398  402  399  114]]

 [[ 402    0  410  256]]

 [[   0    2    1  114]]

 [[   2   20   13  733]]

 [[  20   37   27  181]]

 [[  37   39   38  114]]

 [[  39   42   41  162]]

 [[  42   58   47  236]]

 [[  69  179  112 3235]]

 [[ 228  317  292  703]]

 [[ 317  329  322  210]]

 [[ 329  336  335  217]]]
@ @
[[[ 356  391  371  613]]

 [[ 391  395  392  186]]

 [[ 395  398  396  162]]

 [[ 398  401  400  142]]

 [[ 404  406  405  114]]

 [[   0   18    9  702]]

 [[  18   20   19  114]]

 [[  20   55   33  969]]

 [[  57   59   58  114]]

 [[  59   62   61  162]]

 [[  62   76   68  217]]

 [[  84  188  127 3207]]

 [[ 237  329  296  662]]

 [[ 329  342  335  234]]]
@ @
[[[ 338  342  339  186]]

 [[ 342  345  343  162]]

 [[ 345  359  346  114]]

 [[ 359  366  361  191]]

 [[ 366  371  368  176]]

 [[ 371  375  374  154]]

 [[ 376  379  377  142]]

 [[   0   13    7  312]]

 [[  13   15   14  114]]

 [[  15   43   23  456]]

 [[  47   53   48  114]]

 [[  53   60   55  202]]

 [[  60   66   65  210]]

 [[  71  174  119 3442]]

 [[ 219  304  245  577]]

 [[ 304  311  310  217]]

 [[ 311  324  323  236]]]
@ @
[[[ 367  370  368  162]]

 [[ 370  376  371  114]]

 [[ 378  382  379  114]]

 [[ 382    0  394  768]]

 [[   0   42   12 1378]]

 [[  42   44   43  114]]

 [[  46   48   47  114]]

 [[  48   51   50  162]]

 [[  51   73   62  504]]

 [[  80  177  133  884]]

 [[ 231  327  271 2130]]

 [[ 327  334  330  211]]

 [[ 334  349  345  231]]

 [[ 349  353  352  186]]]
@ @
[[[ 199  299  246 3087]]

 [[ 299  304  300  201]]

 [[ 304  316  305  162]]

 [[ 316  320  317  114]]

 [[ 324  327  326  162]]

 [[ 327  331  330  186]]

 [[ 331  338  337  217]]

 [[   0    5    1  201]]

 [[   5    9    6  186]]

 [[   9   12   10  162]]

 [[  12   18   13  114]]

 [[  18   28   21  189]]

 [[  28   37   32  180]]

 [[  39   43   40  114]]

 [[  43   46   45  162]]

 [[  59   63   60  186]]

 [[  63  151  113 1301]]]
@ @
[[[ 203  312  259 2913]]

 [[ 312  316  313  186]]

 [[ 316  319  317  162]]

 [[ 319  327  322  210]]

 [[ 327  331  328  114]]

 [[ 331  334  333  142]]

 [[ 334  337  335  142]]

 [[ 337  340  339  162]]

 [[ 340  345  344  201]]

 [[   0    4    1  186]]

 [[   4   10    5  162]]

 [[  10   14   11  114]]

 [[  14   17   16  142]]

 [[  17   24   20  179]]

 [[  24   28   27  154]]

 [[  28   34   33  164]]

 [[  37   39   38  114]]

 [[  39   42   41  162]]

 [[  46   52   47  210]]

 [[  52   56   53  186]]

 [[  56  154   82 1479]]]
@ @
[[[ 214  347  297 2331]]

 [[ 347  351  348  186]]

 [[ 351  360  358  208]]

 [[ 360  366  361  114]]

 [[ 366  369  368  142]]

 [[ 371  375  372  114]]

 [[ 375  378  377  162]]

 [[   0   10    1  114]]

 [[  10   28   27  176]]

 [[  32   38   33  114]]

 [[  49   53   50  186]]

 [[  53  168  103 2263]]]
@ @
[[[ 228  360  306 2369]]

 [[ 360  365  361  201]]

 [[ 365  368  366  162]]

 [[ 368  380  369  114]]

 [[ 380  383  382  142]]

 [[ 388  391  390  162]]

 [[   0    7    1  217]]

 [[   7   13    8  162]]

 [[  13   15   14  114]]

 [[  15   18   17  142]]

 [[  18   23   22  160]]

 [[  40   42   41  114]]

 [[  42   45   44  162]]

 [[  60  176  110 2519]]

 [[ 176  179  177  162]]]
@ @
[[[ 201  309  261 2120]]

 [[ 309  315  310  210]]

 [[ 315  320  318  190]]

 [[ 320  322  321  114]]

 [[ 322  331  324  199]]

 [[ 331  335  334  154]]

 [[ 336  340  337  114]]

 [[   0    4    1  186]]

 [[   4    7    5  162]]

 [[   7   13    8  114]]

 [[  13   17   16  154]]

 [[  34   37   35  142]]

 [[  37   40   39  162]]

 [[  49   53   50  186]]

 [[  53   56   54  162]]

 [[  56  152  101 1946]]]
@ @
[[[ 193  302  256 1666]]

 [[ 302  306  303  186]]

 [[ 306  310  307  114]]

 [[ 310  316  312  142]]

 [[ 316  320  319  154]]

 [[ 326  328  327  114]]

 [[   0    8    1  186]]

 [[   8   11    9  162]]

 [[  11   15   12  114]]

 [[  15   18   17  142]]

 [[  24   31   25  167]]

 [[  31   36   32  160]]

 [[  36   40   37  154]]

 [[  40   43   41  142]]

 [[  43   46   45  162]]

 [[  58   61   59  162]]

 [[  61  147  106 2337]]]
@ @
[[[ 195  297  243 3342]]

 [[ 297  301  298  186]]

 [[ 301  310  302  162]]

 [[ 310  316  311  114]]

 [[ 318  322  319  114]]

 [[   0    5    1  201]]

 [[   5    9    6  186]]

 [[   9   19   12  190]]

 [[  19   21   20  114]]

 [[  21   30   23  142]]

 [[  35   37   36  114]]

 [[  37   40   39  162]]

 [[  54  146   72 1314]]]
@ @
[[[ 189  294  238 2560]]

 [[ 294  299  297  190]]

 [[ 299  305  300  114]]

 [[ 305  311  307  142]]

 [[ 312  316  313  114]]

 [[ 316  321  320  201]]

 [[   0    5    1  201]]

 [[   5    9    6  186]]

 [[   9   12   10  162]]

 [[  12   21   19  208]]

 [[  21   25   22  114]]

 [[  25   30   27  176]]

 [[  30   33   32  142]]

 [[  37   41   38  114]]

 [[  41   44   43  162]]

 [[  44   49   48  201]]

 [[  52   57   53  201]]

 [[  57  145   78 1423]]]
@ @
[[[ 185  275  230 2303]]

 [[ 275  278  276  162]]

 [[ 278  284  279  114]]

 [[ 284  287  286  142]]

 [[ 287  291  290  154]]

 [[ 293  296  294  142]]

 [[ 296  299  298  162]]

 [[   0    6    1  162]]

 [[   6   19   14  221]]

 [[  19   29   20  114]]

 [[  29   32   31  142]]

 [[  34   37   35  142]]

 [[  37   43   39  162]]

 [[  51  135   68 1726]]]
@ @
[[[ 175  259  211 1974]]

 [[ 259  262  260  162]]

 [[ 262  268  263  114]]

 [[ 268  274  270  142]]

 [[ 278  282  279  114]]

 [[   0    4    1  186]]

 [[   4    9    7  190]]

 [[   9   15   10  114]]

 [[  15   22   17  191]]

 [[  22   25   24  142]]

 [[  25   33   28  154]]

 [[  36   40   37  114]]

 [[  40   43   42  162]]

 [[  53   56   54  162]]

 [[  56  125   75 1492]]]
@ @
[[[ 218  340  284 3145]]

 [[ 340  344  341  186]]

 [[ 344  354  345  114]]

 [[ 354  359  356  176]]

 [[ 362  366  363  114]]

 [[ 366  372  371  210]]

 [[   0    4    1  186]]

 [[   4   10    5  162]]

 [[  10   15   13  190]]

 [[  15   23   16  114]]

 [[  23   28   25  176]]

 [[  28   34   30  142]]

 [[  39   41   40  114]]

 [[  41   44   43  162]]

 [[  44   49   48  201]]

 [[  57  168   85 1817]]]
@ @
[[[ 248  384  328 3706]]

 [[ 384  388  385  186]]

 [[ 388  394  389  114]]

 [[ 394  403  396  142]]

 [[ 408  410  409  114]]

 [[ 410  414  413  186]]

 [[   0   12    1  234]]

 [[  12   16   13  186]]

 [[  16   19   17  162]]

 [[  19   27   20  114]]

 [[  27   37   29  176]]

 [[  37   45   40  154]]

 [[  51   53   52  114]]

 [[  53   56   55  162]]

 [[  56   62   61  210]]

 [[  66   70   67  186]]

 [[  70   73   71  162]]

 [[  73  193   96 1854]]]
@ @
