[[[139  84]]

 [[138  95]]

 [[113 199]]

 [[ 69 199]]

 [[ 69 194]]

 [[ 73  93]]

 [[ 77  80]]

 [[ 79  76]]

 [[ 80  75]]

 [[109  59]]

 [[112  58]]

 [[127  57]]

 [[129  57]]

 [[133  58]]

 [[137  62]]

 [[138  64]]

 [[139  67]]]
@ @
[[[169  72]]

 [[168  79]]

 [[167  83]]

 [[131 199]]

 [[ 84 199]]

 [[ 84 198]]

 [[ 96  73]]

 [[ 97  70]]

 [[104  55]]

 [[105  53]]

 [[108  50]]

 [[110  49]]

 [[143  34]]

 [[146  33]]

 [[148  33]]

 [[159  34]]

 [[162  35]]

 [[165  38]]

 [[167  42]]

 [[168  48]]

 [[169  68]]]
@ @
[[[154  78]]

 [[150 100]]

 [[149 105]]

 [[122 199]]

 [[ 85 199]]

 [[ 85 197]]

 [[ 92  79]]

 [[ 93  76]]

 [[ 95  72]]

 [[ 99  68]]

 [[117  51]]

 [[121  48]]

 [[124  46]]

 [[128  44]]

 [[138  44]]

 [[141  45]]

 [[144  47]]

 [[149  52]]

 [[151  55]]

 [[154  61]]]
@ @
[[[160  77]]

 [[129 199]]

 [[ 82 199]]

 [[ 82 193]]

 [[ 93  69]]

 [[ 95  65]]

 [[113  44]]

 [[115  42]]

 [[136  38]]

 [[144  38]]

 [[147  40]]

 [[152  45]]

 [[154  48]]

 [[157  54]]

 [[159  60]]

 [[160  64]]]
@ @
[[[173  95]]

 [[172  99]]

 [[168 111]]

 [[126 199]]

 [[ 79 199]]

 [[ 79 193]]

 [[ 98 104]]

 [[100  98]]

 [[107  83]]

 [[108  81]]

 [[110  79]]

 [[112  78]]

 [[115  77]]

 [[143  69]]

 [[148  69]]

 [[164  73]]

 [[166  74]]

 [[169  76]]

 [[171  79]]

 [[173  85]]]
@ @
[[[145  88]]

 [[144  93]]

 [[119 199]]

 [[ 76 199]]

 [[ 76 192]]

 [[ 78  82]]

 [[ 79  79]]

 [[ 83  73]]

 [[ 90  66]]

 [[ 93  64]]

 [[112  54]]

 [[118  51]]

 [[121  50]]

 [[124  50]]

 [[128  51]]

 [[131  52]]

 [[135  54]]

 [[138  56]]

 [[140  58]]

 [[142  61]]

 [[143  63]]

 [[144  67]]

 [[145  72]]]
@ @
[[[138  81]]

 [[137  86]]

 [[108 199]]

 [[ 58 199]]

 [[ 46  88]]

 [[ 46  80]]

 [[ 56  60]]

 [[ 58  57]]

 [[ 60  55]]

 [[ 99  35]]

 [[101  34]]

 [[104  33]]

 [[118  29]]

 [[121  29]]

 [[124  30]]

 [[128  34]]

 [[131  40]]

 [[133  45]]

 [[135  52]]

 [[136  57]]

 [[137  64]]

 [[138  73]]]
@ @
[[[118  89]]

 [[117  94]]

 [[ 94 199]]

 [[ 42 199]]

 [[ 22  97]]

 [[ 22  91]]

 [[ 23  88]]

 [[ 25  83]]

 [[ 31  69]]

 [[ 32  67]]

 [[ 36  63]]

 [[ 75  42]]

 [[ 79  40]]

 [[ 95  34]]

 [[102  34]]

 [[105  36]]

 [[106  37]]

 [[109  43]]

 [[111  49]]

 [[113  56]]

 [[115  64]]

 [[116  69]]

 [[117  75]]

 [[118  82]]]
@ @
[[[149  81]]

 [[148  86]]

 [[116 199]]

 [[ 65 199]]

 [[ 51  86]]

 [[ 51  80]]

 [[ 52  77]]

 [[ 63  55]]

 [[ 66  52]]

 [[ 68  51]]

 [[109  31]]

 [[126  25]]

 [[134  25]]

 [[139  30]]

 [[141  34]]

 [[146  49]]

 [[147  54]]

 [[148  60]]

 [[149  68]]]
@ @
[[[142  83]]

 [[141  88]]

 [[111 199]]

 [[ 60 199]]

 [[ 45  89]]

 [[ 45  82]]

 [[ 47  77]]

 [[ 56  59]]

 [[ 58  56]]

 [[ 61  54]]

 [[103  33]]

 [[121  27]]

 [[125  27]]

 [[127  28]]

 [[132  33]]

 [[133  35]]

 [[136  43]]

 [[137  46]]

 [[140  58]]

 [[141  65]]

 [[142  73]]]
@ @
[[[154  84]]

 [[153  89]]

 [[122 199]]

 [[ 72 199]]

 [[ 63  86]]

 [[ 63  81]]

 [[ 64  78]]

 [[ 66  74]]

 [[ 75  57]]

 [[ 77  55]]

 [[ 79  54]]

 [[118  36]]

 [[121  35]]

 [[135  31]]

 [[139  31]]

 [[141  32]]

 [[146  37]]

 [[147  39]]

 [[149  44]]

 [[150  47]]

 [[152  55]]

 [[153  61]]

 [[154  69]]]
@ @
[[[161  91]]

 [[160  95]]

 [[129 199]]

 [[ 82 199]]

 [[ 74  92]]

 [[ 74  89]]

 [[ 75  85]]

 [[ 77  81]]

 [[ 85  66]]

 [[ 89  62]]

 [[ 91  61]]

 [[129  44]]

 [[140  41]]

 [[145  40]]

 [[146  40]]

 [[149  41]]

 [[154  46]]

 [[155  48]]

 [[158  57]]

 [[159  61]]

 [[160  66]]

 [[161  74]]]
@ @
[[[158  79]]

 [[123 199]]

 [[ 71 199]]

 [[ 71 192]]

 [[ 79  67]]

 [[ 80  63]]

 [[ 84  59]]

 [[111  39]]

 [[115  38]]

 [[138  36]]

 [[142  36]]

 [[146  38]]

 [[151  43]]

 [[153  46]]

 [[155  50]]

 [[157  56]]

 [[158  60]]]
@ @
[[[145  89]]

 [[124 199]]

 [[ 75 199]]

 [[ 64  92]]

 [[ 64  86]]

 [[ 65  83]]

 [[ 70  69]]

 [[ 72  65]]

 [[ 73  64]]

 [[107  41]]

 [[109  40]]

 [[125  35]]

 [[131  35]]

 [[133  36]]

 [[135  38]]

 [[137  41]]

 [[139  47]]

 [[144  69]]

 [[145  74]]]
@ @
[[[142  91]]

 [[141  98]]

 [[139 110]]

 [[124 199]]

 [[ 75 199]]

 [[ 64  89]]

 [[ 64  78]]

 [[ 67  62]]

 [[ 68  59]]

 [[ 69  57]]

 [[ 85  41]]

 [[101  28]]

 [[103  27]]

 [[127  27]]

 [[131  29]]

 [[133  31]]

 [[136  37]]

 [[137  41]]

 [[142  80]]]
@ @
[[[142  94]]

 [[140 107]]

 [[125 199]]

 [[ 76 199]]

 [[ 63  95]]

 [[ 63  87]]

 [[ 65  73]]

 [[ 66  70]]

 [[ 67  68]]

 [[ 69  66]]

 [[101  40]]

 [[103  39]]

 [[121  31]]

 [[127  31]]

 [[129  32]]

 [[132  35]]

 [[134  38]]

 [[135  41]]

 [[136  45]]

 [[142  80]]]
@ @
[[[137  94]]

 [[136 107]]

 [[135 114]]

 [[121 199]]

 [[ 76 199]]

 [[ 54  96]]

 [[ 54  91]]

 [[ 55  85]]

 [[ 58  78]]

 [[ 61  72]]

 [[ 65  68]]

 [[ 92  46]]

 [[ 94  45]]

 [[107  40]]

 [[114  40]]

 [[117  42]]

 [[118  43]]

 [[121  47]]

 [[124  52]]

 [[128  59]]

 [[135  73]]

 [[136  76]]

 [[137  80]]]
@ @
[[[145  77]]

 [[144  81]]

 [[140  96]]

 [[138 103]]

 [[110 199]]

 [[ 56 199]]

 [[ 55 102]]

 [[ 55  95]]

 [[ 59  73]]

 [[ 60  70]]

 [[ 61  68]]

 [[ 63  66]]

 [[ 65  65]]

 [[107  50]]

 [[135  50]]

 [[139  52]]

 [[141  54]]

 [[144  60]]

 [[145  63]]]
@ @
[[[129 199]]

 [[ 87 199]]

 [[ 56 111]]

 [[ 55 107]]

 [[ 55  94]]

 [[ 56  91]]

 [[ 58  87]]

 [[ 60  85]]

 [[ 69  78]]

 [[ 79  71]]

 [[ 85  68]]

 [[ 88  67]]

 [[ 92  66]]

 [[ 97  65]]

 [[102  65]]

 [[109  66]]

 [[113  67]]

 [[116  68]]

 [[120  72]]

 [[122  76]]

 [[126  88]]

 [[127  93]]

 [[129 193]]]
@ @
[[[143 199]]

 [[ 99 199]]

 [[ 69 101]]

 [[ 68  97]]

 [[ 67  91]]

 [[ 67  87]]

 [[ 68  84]]

 [[ 69  82]]

 [[ 72  79]]

 [[ 78  74]]

 [[ 82  71]]

 [[ 89  66]]

 [[ 92  64]]

 [[ 96  62]]

 [[102  60]]

 [[106  59]]

 [[116  59]]

 [[121  60]]

 [[124  61]]

 [[127  63]]

 [[129  66]]

 [[131  70]]

 [[134  78]]

 [[135  81]]

 [[136  85]]

 [[143 194]]]
@ @
[[[164 199]]

 [[120 199]]

 [[ 86  84]]

 [[ 85  80]]

 [[ 85  69]]

 [[ 88  63]]

 [[ 92  59]]

 [[110  42]]

 [[120  37]]

 [[134  37]]

 [[137  38]]

 [[141  40]]

 [[143  42]]

 [[145  45]]

 [[148  51]]

 [[152  60]]

 [[153  64]]

 [[164 197]]]
@ @
[[[171 199]]

 [[127 199]]

 [[126 196]]

 [[ 94  80]]

 [[ 94  65]]

 [[ 95  62]]

 [[ 96  60]]

 [[113  43]]

 [[118  39]]

 [[121  37]]

 [[123  36]]

 [[129  34]]

 [[136  33]]

 [[145  33]]

 [[148  34]]

 [[153  39]]

 [[155  42]]

 [[161  54]]

 [[162  57]]

 [[163  62]]

 [[171 194]]]
@ @
[[[151 199]]

 [[108 199]]

 [[ 74 103]]

 [[ 73 100]]

 [[ 72  96]]

 [[ 72  87]]

 [[ 73  84]]

 [[ 75  81]]

 [[ 92  64]]

 [[ 96  61]]

 [[102  58]]

 [[105  57]]

 [[109  56]]

 [[122  56]]

 [[126  58]]

 [[127  59]]

 [[130  63]]

 [[135  72]]

 [[136  74]]

 [[138  79]]

 [[139  85]]

 [[151 193]]]
@ @
[[[137 199]]

 [[ 93 199]]

 [[ 53 113]]

 [[ 52 110]]

 [[ 52  98]]

 [[ 53  95]]

 [[ 55  92]]

 [[ 58  88]]

 [[ 62  83]]

 [[ 68  76]]

 [[ 74  70]]

 [[ 77  68]]

 [[ 81  66]]

 [[ 84  65]]

 [[ 92  63]]

 [[101  63]]

 [[103  64]]

 [[109  70]]

 [[112  74]]

 [[116  80]]

 [[118  84]]

 [[119  88]]

 [[137 197]]]
@ @
[[[138 199]]

 [[ 93 199]]

 [[ 69 107]]

 [[ 69  93]]

 [[ 70  90]]

 [[ 71  88]]

 [[ 76  83]]

 [[ 85  77]]

 [[ 87  76]]

 [[ 97  72]]

 [[101  71]]

 [[106  70]]

 [[123  70]]

 [[127  72]]

 [[129  74]]

 [[132  80]]

 [[135  89]]

 [[136  93]]

 [[138 195]]]
@ @
[[[142 199]]

 [[ 98 199]]

 [[ 72 111]]

 [[ 71 106]]

 [[ 71 103]]

 [[ 72  98]]

 [[ 73  95]]

 [[ 75  91]]

 [[ 79  87]]

 [[ 82  85]]

 [[ 87  82]]

 [[ 91  80]]

 [[100  76]]

 [[103  75]]

 [[107  74]]

 [[112  73]]

 [[123  73]]

 [[128  74]]

 [[132  76]]

 [[133  77]]

 [[137  83]]

 [[140  89]]

 [[142  94]]]
@ @
[[[140 199]]

 [[ 96 199]]

 [[ 67 115]]

 [[ 67 107]]

 [[ 69 101]]

 [[ 71  98]]

 [[ 73  96]]

 [[ 76  94]]

 [[ 86  89]]

 [[ 99  84]]

 [[105  82]]

 [[121  82]]

 [[124  83]]

 [[127  85]]

 [[129  87]]

 [[132  91]]

 [[134  94]]

 [[137 100]]

 [[138 103]]

 [[140 193]]]
@ @
[[[131 199]]

 [[ 88 199]]

 [[ 87 198]]

 [[ 59 129]]

 [[ 58 126]]

 [[ 58 116]]

 [[ 59 113]]

 [[ 61 109]]

 [[ 64 106]]

 [[ 72 100]]

 [[ 75  98]]

 [[ 82  94]]

 [[ 88  91]]

 [[ 93  89]]

 [[ 97  88]]

 [[112  88]]

 [[116  90]]

 [[120  94]]

 [[124 100]]

 [[127 106]]

 [[128 109]]

 [[131 193]]]
@ @
[[[154 199]]

 [[107 199]]

 [[ 73  88]]

 [[ 73  80]]

 [[ 74  75]]

 [[ 75  72]]

 [[ 76  70]]

 [[ 81  65]]

 [[ 87  61]]

 [[ 92  58]]

 [[100  54]]

 [[105  52]]

 [[111  50]]

 [[115  49]]

 [[127  49]]

 [[133  50]]

 [[137  52]]

 [[140  55]]

 [[143  60]]

 [[148  70]]

 [[149  74]]

 [[154 196]]]
@ @
[[[143 199]]

 [[ 93 199]]

 [[ 45  79]]

 [[ 44  76]]

 [[ 43  72]]

 [[ 43  68]]

 [[ 44  62]]

 [[ 45  59]]

 [[ 46  57]]

 [[ 52  51]]

 [[ 60  45]]

 [[ 70  39]]

 [[ 78  35]]

 [[ 81  34]]

 [[ 85  33]]

 [[ 97  32]]

 [[101  32]]

 [[105  33]]

 [[107  34]]

 [[112  39]]

 [[118  48]]

 [[121  54]]

 [[122  58]]

 [[143 194]]]
@ @
