0.780795 151.000000 46.000000 
0.743618 141.000000 63.000000 
0.737570 137.000000 64.000000 
0.733937 135.000000 64.000000 
0.733445 137.000000 64.000000 
0.737322 134.000000 64.000000 
0.729687 134.000000 64.000000 
0.744097 134.000000 63.000000 
0.753536 136.000000 63.000000 
0.736249 148.000000 96.000000 
0.542202 163.000000 151.000000 
0.533693 163.000000 155.000000 
0.596860 158.000000 150.000000 
0.610609 157.000000 146.000000 
0.597173 157.000000 149.000000 
0.571557 163.000000 101.000000 
0.564157 173.000000 97.000000 
0.536437 173.000000 99.000000 
0.596767 160.000000 87.000000 
0.547175 168.000000 90.000000 
0.522991 168.000000 95.000000 
0.530439 166.000000 95.000000 
0.542235 166.000000 93.000000 
0.536216 167.000000 94.000000 
0.550161 164.000000 93.000000 
0.548188 166.000000 94.000000 
0.575967 180.000000 87.000000 
0.446155 188.000000 166.000000 
0.431732 189.000000 171.000000 
0.416643 182.000000 174.000000 
0.421297 181.000000 175.000000 
0.430908 178.000000 180.000000 
0.411813 199.000000 181.000000 
0.422351 199.000000 184.000000 
0.434922 177.000000 172.000000 
0.432174 177.000000 177.000000 
0.383663 174.000000 162.000000 
0.467225 123.000000 155.000000 
0.466262 123.000000 157.000000 
0.460865 119.000000 157.000000 
0.462671 121.000000 156.000000 
0.506701 130.000000 134.000000 
0.497062 130.000000 138.000000 
0.423217 136.000000 155.000000 
0.402461 142.000000 153.000000 
0.414589 136.000000 148.000000 
0.405372 138.000000 149.000000 
0.405714 136.000000 150.000000 
0.405490 135.000000 149.000000 
0.604933 181.000000 91.000000 
0.579559 185.000000 98.000000 
0.462386 187.000000 125.000000 
0.502286 180.000000 115.000000 
0.646075 199.000000 199.000000 
0.694958 118.000000 19.000000 
