[[[  352   494   416 14153]]

 [[  494   496   495   114]]

 [[  496   499   498   142]]

 [[  502   505   503   142]]

 [[  505   507   506   114]]

 [[  507   511   510   186]]

 [[    0     5     1   201]]

 [[    5    11     6   162]]

 [[   11    29    12   114]]

 [[   29    32    31   142]]

 [[   32    36    35   154]]

 [[   47    82    58   278]]

 [[   82    88    83   164]]

 [[   88    92    89   154]]

 [[   92   151   134   639]]

 [[  228   331   261  3812]]

 [[  331   335   332   114]]

 [[  335   338   337   142]]

 [[  338   343   342   160]]]
@ @
[[[  348   487   412 14162]]

 [[  487   490   488   162]]

 [[  490   493   492   142]]

 [[  497   501   498   114]]

 [[  501   505   504   186]]

 [[    0     5     1   201]]

 [[    5    11     6   162]]

 [[   11    18    16   202]]

 [[   18    24    19   114]]

 [[   24    31    26   191]]

 [[   31    35    34   154]]

 [[   48    84    58   262]]

 [[   84    89    85   160]]

 [[   89    98    90   142]]

 [[   98   153   141   666]]

 [[  228   331   252  3355]]

 [[  343   345   344   114]]]
@ @
[[[  366   513   434 14913]]

 [[  513   517   514   114]]

 [[  523   527   524   114]]

 [[  527   530   529   162]]

 [[    0     4     1   186]]

 [[    4     9     7   190]]

 [[    9    23    10   114]]

 [[   23    28    25   176]]

 [[   28    31    30   142]]

 [[   31    36    35   160]]

 [[   49    74    63   240]]

 [[   74    83    79   180]]

 [[   83    91    84   154]]

 [[   91   100    92   142]]

 [[  100   146   125   764]]

 [[  235   346   269  3927]]

 [[  359   362   360   142]]]
@ @
[[[  328   452   379 12294]]

 [[  452   456   453   114]]

 [[  459   463   460   154]]

 [[  463   465   464   114]]

 [[  465   468   467   162]]

 [[    0     5     1   201]]

 [[    5     8     6   162]]

 [[    8    13    11   190]]

 [[   13    17    14   114]]

 [[   17    22    19   176]]

 [[   22    25    24   142]]

 [[   25    29    28   154]]

 [[   29    34    33   160]]

 [[   52    66    53   174]]

 [[   66    82    67   154]]

 [[   82    85    83   142]]

 [[   85    90    88   176]]

 [[   90    98    91   114]]

 [[   98   147   129   448]]

 [[  147   156   149   162]]

 [[  156   160   159   186]]

 [[  160   165   164   201]]

 [[  219   308   244  2662]]

 [[  308   311   310   142]]

 [[  318   322   319   154]]

 [[  322   326   323   114]]]
@ @
[[[  335   476   399 14896]]

 [[  476   478   477   114]]

 [[  483   487   484   114]]

 [[    0     6     1   162]]

 [[    6    14     7   114]]

 [[   14    19    16   176]]

 [[   19    25    21   142]]

 [[   25    29    28   154]]

 [[   37    41    38   154]]

 [[   41    44    42   142]]

 [[   44    49    47   176]]

 [[   49    92    66   333]]

 [[   92   102    93   114]]

 [[  102   158   143   863]]

 [[  229   315   262  2030]]

 [[  319   328   324   180]]

 [[  328   330   329   114]]]
@ @
[[[  340   475   399 13736]]

 [[  475   477   476   114]]

 [[  482   488   483   114]]

 [[  488   492   491   186]]

 [[    0     7     1   217]]

 [[    7    13     8   162]]

 [[   13    19    14   114]]

 [[   19    24    21   176]]

 [[   24    30    26   142]]

 [[   30    34    33   154]]

 [[   49    53    50   154]]

 [[   53    80    65   213]]

 [[   80    95    83   176]]

 [[   95   109    96   114]]

 [[  109   156   141   988]]

 [[  233   318   264  2005]]

 [[  326   330   327   154]]

 [[  330   333   331   142]]

 [[  333   335   334   114]]]
@ @
[[[  312   314   313   114]]

 [[  314   459   379 15291]]

 [[  459   462   461   142]]

 [[  462   465   463   142]]

 [[  465   469   466   114]]

 [[    0     4     1   186]]

 [[    4    12     5   114]]

 [[   12    15    14   142]]

 [[   15    19    18   154]]

 [[   19    25    24   164]]

 [[   36    41    39   176]]

 [[   41    45    42   114]]

 [[   45    50    47   190]]

 [[   50    95    69   423]]

 [[   95   104    97   162]]

 [[  104   148   129   449]]

 [[  148   160   151   186]]

 [[  223   288   248  1462]]

 [[  295   298   296   142]]

 [[  298   303   301   176]]

 [[  303   307   304   114]]

 [[  307   310   309   162]]]
@ @
[[[  473   476   474   162]]

 [[  482   485   483   142]]

 [[  485   490   487   190]]

 [[  490   494   493   186]]

 [[  494   500   499   210]]

 [[    0     8     1   222]]

 [[    8    19    14   229]]

 [[   19    23    20   186]]

 [[   23    26    24   162]]

 [[   26    32    27   114]]

 [[   32    35    34   142]]

 [[   35    40    39   160]]

 [[   40    58    57   176]]

 [[   73   129   110   906]]

 [[  213   312   253  2995]]

 [[  312   316   313   114]]

 [[  316   325   318   142]]

 [[  329   471   405 14699]]]
@ @
[[[  437   439   438   114]]

 [[  439   443   442   154]]

 [[  443   447   444   154]]

 [[  447   451   448   114]]

 [[  451   457   453   162]]

 [[  457   462   461   201]]

 [[    0    10     1   201]]

 [[   10    18    11   186]]

 [[   18    21    19   162]]

 [[   21    27    22   114]]

 [[   27    30    29   142]]

 [[   30    34    33   154]]

 [[   34    86    81   644]]

 [[  181   283   224  3107]]

 [[  283   285   284   114]]

 [[  285   288   287   142]]

 [[  288   296   291   154]]

 [[  298   300   299   114]]

 [[  300   433   368 13660]]]
@ @
[[[  264   398   322 13056]]

 [[  398   401   400   142]]

 [[  403   407   404   154]]

 [[  407   411   408   114]]

 [[  411   417   413   162]]

 [[  417   422   421   201]]

 [[    0     6     1   210]]

 [[    6    18     7   186]]

 [[   18    24    19   162]]

 [[   24    30    25   114]]

 [[   30    73    61   701]]

 [[  162   244   204  1272]]

 [[  244   250   245   162]]

 [[  250   253   252   142]]

 [[  253   258   257   160]]]
@ @
[[[  322   462   387 15142]]

 [[  462   465   463   162]]

 [[  465   468   467   142]]

 [[  472   476   473   114]]

 [[  476   480   479   186]]

 [[    0     4     1   186]]

 [[    4    16     5   162]]

 [[   16    21    19   190]]

 [[   21    31    22   114]]

 [[   31    35    34   154]]

 [[   44    50    45   164]]

 [[   50    69    59   222]]

 [[   69    73    70   154]]

 [[   73    87    80   208]]

 [[   87    93    88   142]]

 [[   93    98    96   176]]

 [[   98   129   115   414]]

 [[  129   133   130   114]]

 [[  133   148   135   190]]

 [[  148   151   150   162]]

 [[  151   155   154   186]]

 [[  221   299   255  1769]]

 [[  299   302   301   142]]

 [[  306   316   307   160]]

 [[  316   318   317   114]]]
@ @
[[[  329   471   397 15103]]

 [[  471   473   472   114]]

 [[  473   476   475   142]]

 [[  478   481   479   142]]

 [[  481   483   482   114]]

 [[  483   486   485   162]]

 [[  486   490   489   186]]

 [[  490   498   497   222]]

 [[    0     8     1   222]]

 [[    8    16     9   186]]

 [[   16    23    20   211]]

 [[   23    29    24   162]]

 [[   29    33    30   114]]

 [[   33    36    35   142]]

 [[   36    41    40   160]]

 [[   52    73    53   177]]

 [[   73   138   123  1061]]

 [[  224   306   256  2099]]

 [[  306   308   307   114]]

 [[  308   311   310   142]]

 [[  311   317   316   164]]

 [[  323   325   324   114]]]
@ @
[[[  315   458   381 15079]]

 [[  458   462   459   114]]

 [[  467   471   468   114]]

 [[  471   474   473   162]]

 [[  474   479   478   201]]

 [[    0     8     1   186]]

 [[    8    15    12   211]]

 [[   15    21    16   162]]

 [[   21    27    22   114]]

 [[   27    30    29   142]]

 [[   30    37    36   167]]

 [[   43    65    44   177]]

 [[   65    70    66   160]]

 [[   70   128   114  1209]]

 [[  216   292   245  1816]]

 [[  292   298   293   114]]

 [[  311   313   312   114]]]
@ @
[[[  313   457   364 12406]]

 [[  459   461   460   114]]

 [[    0    10     1   201]]

 [[   10    19    11   162]]

 [[   19    30    28   212]]

 [[   30    34    31   114]]

 [[   34    37    36   142]]

 [[   42   139    78  1030]]

 [[  210   303   260  2363]]

 [[  303   305   304   114]]]
@ @
[[[  295   436   346 11008]]

 [[  436   438   437   114]]

 [[  438   442   439   114]]

 [[    0     7     1   217]]

 [[    7    13     8   210]]

 [[   13    17    14   186]]

 [[   17    26    18   162]]

 [[   26    28    27   114]]

 [[   28    33    30   176]]

 [[   33    37    36   154]]

 [[   40   112    78   819]]

 [[  112   116   113   154]]

 [[  116   142   136   662]]

 [[  215   290   254  2400]]

 [[  290   293   292   142]]

 [[  293   295   294   114]]]
@ @
[[[  440   442   441   114]]

 [[  442   447   446   201]]

 [[    0     6     1   210]]

 [[    6    11     7   201]]

 [[   11    15    12   186]]

 [[   15    18    16   162]]

 [[   18    22    19   114]]

 [[   22   121    65  1651]]

 [[  216   286   243  2491]]

 [[  286   289   287   162]]

 [[  289   291   290   114]]

 [[  292   294   293   114]]

 [[  294   434   357 13552]]]
@ @
[[[  442   444   443   114]]

 [[  447   449   448   114]]

 [[  449   452   451   162]]

 [[  452   456   455   186]]

 [[  456   462   461   210]]

 [[    0     8     1   222]]

 [[    8    11     9   162]]

 [[   11    15    12   114]]

 [[   15   116    72  1914]]

 [[  190   271   238  1478]]

 [[  271   275   272   186]]

 [[  275   287   276   162]]

 [[  287   290   289   142]]

 [[  292   295   294   162]]

 [[  295   439   359 13298]]]
@ @
[[[  439   443   442   186]]

 [[  443   457   449   217]]

 [[    0     5     1   201]]

 [[    5     9     6   186]]

 [[    9    12    10   162]]

 [[   12    14    13   114]]

 [[   14    20    16   142]]

 [[   20    27    26   167]]

 [[   29   136   118  1632]]

 [[  206   281   217  1672]]

 [[  281   284   282   162]]

 [[  284   286   285   114]]

 [[  286   289   288   142]]

 [[  289   295   294   164]]

 [[  297   301   298   114]]

 [[  301   432   355 10361]]]
@ @
[[[  482   484   483   114]]

 [[  485   489   486   114]]

 [[  489   492   491   162]]

 [[  492   499   498   217]]

 [[    0     7     1   217]]

 [[    7    17     8   201]]

 [[   17    21    18   186]]

 [[   21    24    22   162]]

 [[   24    27    26   142]]

 [[   30   125    58  1615]]

 [[  125   130   126   160]]

 [[  130   133   131   142]]

 [[  133   141   134   114]]

 [[  141   144   143   162]]

 [[  144   148   147   186]]

 [[  224   339   251  5088]]

 [[  341   343   342   114]]

 [[  343   476   400 12344]]]
@ @
[[[  354   505   408 12032]]

 [[  505   508   506   162]]

 [[  509   511   510   114]]

 [[  511   515   514   186]]

 [[    0     4     1   186]]

 [[    4    11     8   211]]

 [[   11    20    12   162]]

 [[   20    26    21   114]]

 [[   29   144    77  2282]]

 [[  144   147   145   142]]

 [[  147   150   149   162]]

 [[  150   155   154   201]]

 [[  155   187   162   256]]

 [[  231   338   257  4655]]

 [[  338   342   341   154]]

 [[  342   347   346   160]]

 [[  352   354   353   114]]]
@ @
[[[  452   454   453   114]]

 [[  454   460   456   162]]

 [[  460   464   463   186]]

 [[  464   474   468   201]]

 [[    0     6     1   210]]

 [[    6     9     7   162]]

 [[    9    13    10   114]]

 [[   13    17    16   154]]

 [[   24    71    51   748]]

 [[   71    86    75   193]]

 [[   86    95    87   142]]

 [[   95   132   121   905]]

 [[  132   136   133   114]]

 [[  136   141   140   201]]

 [[  209   299   233  3195]]

 [[  305   310   308   176]]

 [[  310   318   311   114]]

 [[  318   445   369 10008]]]
@ @
[[[  461   464   462   142]]

 [[  464   472   465   114]]

 [[  472   478   474   162]]

 [[  478   482   481   186]]

 [[  482   489   488   217]]

 [[    0     4     1   114]]

 [[    4    10     9   164]]

 [[   15   117    63  1207]]

 [[  117   120   118   142]]

 [[  120   122   121   114]]

 [[  122   125   124   162]]

 [[  198   297   218  3282]]

 [[  297   308   307   172]]

 [[  308   312   309   154]]

 [[  312   315   314   162]]

 [[  315   448   378 12302]]]
@ @
[[[  462   465   463   162]]

 [[  465   467   466   114]]

 [[  470   474   471   154]]

 [[  474   479   477   176]]

 [[  479   485   480   114]]

 [[  485   493   488   186]]

 [[  493   502   501   226]]

 [[    0     3     1   162]]

 [[    3     7     4   114]]

 [[    9   112    41  1684]]

 [[  112   118   113   164]]

 [[  118   124   119   142]]

 [[  124   126   125   114]]

 [[  126   129   128   162]]

 [[  129   133   132   186]]

 [[  201   298   220  3143]]

 [[  298   303   301   190]]

 [[  303   311   304   114]]

 [[  313   315   314   114]]

 [[  315   459   386 13695]]]
@ @
[[[  358   499   406 11141]]

 [[  501   503   502   114]]

 [[  503   518   505   162]]

 [[  518   523   522   201]]

 [[    0     6     1   210]]

 [[    6    14     7   186]]

 [[   14    20    15   114]]

 [[   20    23    22   142]]

 [[   30    34    31   154]]

 [[   34   142    75  1998]]

 [[  142   146   143   114]]

 [[  146   150   149   186]]

 [[  150   178   160   362]]

 [[  230   337   259  5051]]

 [[  337   340   339   142]]

 [[  340   345   344   160]]

 [[  352   354   353   114]]]
@ @
[[[  342   476   396 12943]]

 [[  476   478   477   114]]

 [[  481   484   482   142]]

 [[  484   488   485   114]]

 [[  488   493   490   190]]

 [[  493   496   495   162]]

 [[  496   502   501   210]]

 [[    0    10     1   229]]

 [[   10    16    11   210]]

 [[   16    19    17   162]]

 [[   19    21    20   114]]

 [[   26   129    80  2136]]

 [[  129   135   130   142]]

 [[  135   137   136   114]]

 [[  137   143   139   162]]

 [[  143   147   146   186]]

 [[  220   328   246  4636]]

 [[  328   331   330   142]]

 [[  335   337   336   114]]]
@ @
[[[  325   456   377 12477]]

 [[  461   464   462   142]]

 [[  464   466   465   114]]

 [[  466   471   468   190]]

 [[  471   474   473   162]]

 [[  474   481   480   217]]

 [[    0    10     1   229]]

 [[   10    16    11   210]]

 [[   16    19    17   162]]

 [[   19    21    20   114]]

 [[   21    24    23   142]]

 [[   24   124    59  1975]]

 [[  124   130   125   142]]

 [[  130   138   131   114]]

 [[  138   141   140   162]]

 [[  141   147   146   210]]

 [[  212   310   233  3793]]

 [[  310   315   312   176]]

 [[  319   321   320   114]]]
@ @
[[[  332   465   394 13300]]

 [[  465   468   466   162]]

 [[  468   470   469   114]]

 [[  472   482   473   114]]

 [[  482   485   484   162]]

 [[  485   489   488   186]]

 [[    0     7     1   217]]

 [[    7    12     8   201]]

 [[   12    16    13   186]]

 [[   16    18    17   114]]

 [[   22   127    76  2369]]

 [[  127   133   128   142]]

 [[  133   139   134   114]]

 [[  139   143   142   186]]

 [[  143   151   150   222]]

 [[  157   170   158   236]]

 [[  213   315   237  4077]]

 [[  315   323   316   114]]

 [[  327   329   328   114]]]
@ @
[[[  349   491   399 11932]]

 [[  493   497   494   114]]

 [[  497   509   499   162]]

 [[  509   515   514   210]]

 [[    0     7     1   217]]

 [[    7    11     8   186]]

 [[   11    17    12   162]]

 [[   17    22    20   190]]

 [[   22    25    24   142]]

 [[   25    29    28   154]]

 [[   32    36    33   154]]

 [[   36   149    86  1701]]

 [[  149   152   151   162]]

 [[  152   156   155   186]]

 [[  156   178   177   244]]

 [[  228   329   253  3873]]

 [[  329   332   331   142]]

 [[  344   347   346   162]]]
@ @
[[[  334   484   395 13107]]

 [[  488   492   489   114]]

 [[  492   499   494   202]]

 [[  499   502   501   162]]

 [[  502   507   506   201]]

 [[    0     7     1   217]]

 [[    7    12     8   201]]

 [[   12    16    13   186]]

 [[   16    19    17   162]]

 [[   19    21    20   114]]

 [[   26   139    80  2890]]

 [[  139   142   140   142]]

 [[  142   148   143   114]]

 [[  148   151   150   162]]

 [[  151   157   156   210]]

 [[  166   172   167   210]]

 [[  218   309   235  2803]]

 [[  309   313   310   114]]

 [[  313   322   315   142]]

 [[  322   326   325   154]]

 [[  328   330   329   114]]

 [[  330   333   332   162]]]
@ @
[[[  311   454   371 12840]]

 [[  454   457   456   142]]

 [[  457   463   458   142]]

 [[  463   469   464   114]]

 [[  469   472   471   162]]

 [[  472   476   475   186]]

 [[    0     7     1   217]]

 [[    7    11     8   186]]

 [[   11    15    12   114]]

 [[   18   118    58  2493]]

 [[  118   122   119   154]]

 [[  122   125   123   142]]

 [[  125   133   126   114]]

 [[  133   137   136   186]]

 [[  137   144   143   217]]

 [[  202   299   217  2752]]

 [[  299   303   300   114]]

 [[  305   307   306   114]]]
@ @
