[[[157 141]]

 [[152 146]]

 [[147 150]]

 [[144 152]]

 [[140 154]]

 [[ 46 199]]

 [[  0 199]]

 [[  0 168]]

 [[ 38 111]]

 [[ 41 107]]

 [[ 46 101]]

 [[ 76  66]]

 [[ 87  55]]

 [[ 91  52]]

 [[ 94  50]]

 [[112  41]]

 [[118  39]]

 [[123  38]]

 [[131  38]]

 [[135  39]]

 [[137  40]]

 [[140  42]]

 [[143  45]]

 [[145  48]]

 [[146  50]]

 [[157 137]]]
@ @
[[[156 136]]

 [[155 138]]

 [[143 150]]

 [[ 48 199]]

 [[  0 199]]

 [[  0 172]]

 [[ 34 118]]

 [[ 40 109]]

 [[ 44 104]]

 [[ 74  68]]

 [[ 87  55]]

 [[ 91  52]]

 [[ 98  48]]

 [[104  45]]

 [[111  42]]

 [[117  40]]

 [[122  39]]

 [[129  39]]

 [[133  40]]

 [[137  42]]

 [[141  46]]

 [[143  49]]

 [[144  52]]

 [[156 133]]]
@ @
[[[155 122]]

 [[153 125]]

 [[140 138]]

 [[ 40 199]]

 [[  0 199]]

 [[  0 150]]

 [[ 26 105]]

 [[ 32  96]]

 [[ 38  88]]

 [[ 45  79]]

 [[ 65  54]]

 [[ 78  41]]

 [[ 83  37]]

 [[ 86  35]]

 [[ 91  32]]

 [[105  25]]

 [[110  23]]

 [[114  22]]

 [[127  22]]

 [[130  23]]

 [[134  25]]

 [[140  31]]

 [[142  35]]

 [[155 118]]]
@ @
[[[161 134]]

 [[159 138]]

 [[156 142]]

 [[149 149]]

 [[146 151]]

 [[ 63 199]]

 [[ 13 199]]

 [[ 13 195]]

 [[ 14 190]]

 [[ 15 186]]

 [[ 18 177]]

 [[ 40 128]]

 [[ 44 120]]

 [[ 47 115]]

 [[ 49 112]]

 [[ 61  96]]

 [[ 74  82]]

 [[ 92  64]]

 [[ 97  60]]

 [[101  57]]

 [[104  55]]

 [[109  52]]

 [[113  50]]

 [[118  48]]

 [[121  47]]

 [[126  46]]

 [[137  46]]

 [[140  47]]

 [[142  48]]

 [[146  51]]

 [[149  54]]

 [[151  58]]

 [[161 132]]]
@ @
[[[147 128]]

 [[146 130]]

 [[139 139]]

 [[135 143]]

 [[ 54 199]]

 [[  0 199]]

 [[  0 182]]

 [[ 26 128]]

 [[ 31 118]]

 [[ 55  75]]

 [[ 58  70]]

 [[ 60  67]]

 [[ 63  63]]

 [[ 71  55]]

 [[ 75  52]]

 [[ 81  48]]

 [[ 86  45]]

 [[ 94  41]]

 [[100  39]]

 [[112  39]]

 [[116  41]]

 [[121  46]]

 [[122  48]]

 [[147 123]]]
@ @
[[[145 128]]

 [[144 130]]

 [[142 133]]

 [[139 137]]

 [[131 145]]

 [[ 51 199]]

 [[  0 199]]

 [[  0 173]]

 [[ 20 128]]

 [[ 27 114]]

 [[ 36  99]]

 [[ 54  72]]

 [[ 57  68]]

 [[ 72  53]]

 [[ 76  50]]

 [[ 82  46]]

 [[ 87  43]]

 [[ 93  40]]

 [[ 99  38]]

 [[106  37]]

 [[108  37]]

 [[112  38]]

 [[118  41]]

 [[123  46]]

 [[124  48]]

 [[145 123]]]
@ @
[[[147 126]]

 [[146 129]]

 [[144 133]]

 [[141 138]]

 [[139 141]]

 [[132 148]]

 [[ 71 199]]

 [[ 13 199]]

 [[ 13 194]]

 [[ 16 182]]

 [[ 28 138]]

 [[ 31 129]]

 [[ 47  84]]

 [[ 49  79]]

 [[ 51  75]]

 [[ 54  70]]

 [[ 65  59]]

 [[ 71  54]]

 [[ 75  51]]

 [[ 78  49]]

 [[ 86  45]]

 [[ 90  44]]

 [[ 99  44]]

 [[103  46]]

 [[106  48]]

 [[108  51]]

 [[146 122]]

 [[147 124]]]
@ @
[[[152  73]]

 [[151 149]]

 [[147 153]]

 [[138 159]]

 [[134 161]]

 [[ 39 199]]

 [[  0 199]]

 [[  0 154]]

 [[ 49 102]]

 [[ 64  87]]

 [[ 82  70]]

 [[ 87  66]]

 [[ 90  64]]

 [[ 96  61]]

 [[ 99  60]]

 [[103  59]]

 [[114  57]]

 [[122  56]]

 [[127  56]]

 [[133  57]]

 [[137  58]]

 [[142  60]]

 [[145  62]]

 [[151  68]]

 [[152  71]]]
@ @
[[[120  71]]

 [[119 145]]

 [[118 147]]

 [[116 149]]

 [[108 155]]

 [[105 157]]

 [[103 158]]

 [[  7 199]]

 [[  0 199]]

 [[  0 111]]

 [[ 52  66]]

 [[ 56  63]]

 [[ 59  61]]

 [[ 65  58]]

 [[ 68  57]]

 [[ 76  55]]

 [[ 86  53]]

 [[ 97  53]]

 [[102  54]]

 [[108  56]]

 [[112  58]]

 [[116  61]]

 [[119  65]]

 [[120  67]]]
@ @
[[[104 151]]

 [[ 98 157]]

 [[ 93 161]]

 [[ 90 163]]

 [[ 84 165]]

 [[  2 190]]

 [[  0 190]]

 [[  0 103]]

 [[ 43  69]]

 [[ 49  66]]

 [[ 55  64]]

 [[ 67  61]]

 [[ 73  60]]

 [[ 81  60]]

 [[ 86  61]]

 [[ 92  63]]

 [[ 96  65]]

 [[100  68]]

 [[102  70]]

 [[104  73]]]
@ @
[[[156 144]]

 [[155 146]]

 [[147 156]]

 [[143 160]]

 [[140 162]]

 [[ 65 199]]

 [[  7 199]]

 [[  7 191]]

 [[  8 187]]

 [[  9 184]]

 [[ 15 169]]

 [[ 17 165]]

 [[ 35 134]]

 [[ 38 129]]

 [[ 42 123]]

 [[ 52 109]]

 [[ 55 105]]

 [[ 70  86]]

 [[ 75  80]]

 [[ 84  71]]

 [[ 88  68]]

 [[ 98  63]]

 [[103  61]]

 [[115  57]]

 [[119  56]]

 [[131  56]]

 [[135  57]]

 [[139  59]]

 [[143  63]]

 [[145  66]]

 [[146  69]]

 [[156 140]]]
@ @
[[[152 150]]

 [[151 152]]

 [[145 158]]

 [[139 163]]

 [[136 165]]

 [[134 166]]

 [[ 55 199]]

 [[  0 199]]

 [[  0 168]]

 [[ 50 106]]

 [[ 70  85]]

 [[ 81  74]]

 [[ 86  70]]

 [[ 89  68]]

 [[ 93  66]]

 [[ 99  64]]

 [[106  62]]

 [[114  60]]

 [[122  59]]

 [[123  59]]

 [[131  60]]

 [[135  61]]

 [[138  62]]

 [[140  63]]

 [[143  65]]

 [[145  67]]

 [[147  70]]

 [[148  72]]

 [[152 146]]]
@ @
[[[149 150]]

 [[148 152]]

 [[135 165]]

 [[129 168]]

 [[ 55 199]]

 [[  0 199]]

 [[  0 166]]

 [[ 43 112]]

 [[ 47 107]]

 [[ 68  85]]

 [[ 74  79]]

 [[ 81  73]]

 [[ 84  71]]

 [[ 90  68]]

 [[ 96  66]]

 [[103  64]]

 [[111  62]]

 [[125  62]]

 [[130  63]]

 [[133  64]]

 [[137  66]]

 [[142  71]]

 [[144  75]]

 [[149 148]]]
@ @
[[[137 169]]

 [[135 171]]

 [[133 172]]

 [[ 41 199]]

 [[  0 199]]

 [[  0 169]]

 [[ 79  75]]

 [[ 84  70]]

 [[ 87  68]]

 [[ 91  66]]

 [[102  61]]

 [[111  58]]

 [[121  56]]

 [[130  56]]

 [[132  57]]

 [[134  59]]

 [[137 163]]]
@ @
[[[132 177]]

 [[131 179]]

 [[128 181]]

 [[ 53 199]]

 [[  0 199]]

 [[  0 179]]

 [[ 17 155]]

 [[ 20 151]]

 [[ 81  79]]

 [[ 84  76]]

 [[ 88  73]]

 [[ 93  70]]

 [[ 95  69]]

 [[104  66]]

 [[108  65]]

 [[114  64]]

 [[121  63]]

 [[127  63]]

 [[131  65]]

 [[132  67]]]
@ @
[[[148  83]]

 [[139 183]]

 [[138 185]]

 [[137 186]]

 [[135 187]]

 [[132 188]]

 [[ 63 199]]

 [[  0 199]]

 [[  0 167]]

 [[ 93  81]]

 [[ 97  79]]

 [[100  78]]

 [[104  77]]

 [[109  76]]

 [[115  75]]

 [[139  75]]

 [[144  76]]

 [[146  77]]

 [[148  79]]]
@ @
[[[147  82]]

 [[140 168]]

 [[139 171]]

 [[137 173]]

 [[134 175]]

 [[122 179]]

 [[118 180]]

 [[ 39 199]]

 [[  0 199]]

 [[  0 164]]

 [[ 91  74]]

 [[ 95  72]]

 [[ 98  71]]

 [[106  70]]

 [[128  70]]

 [[134  71]]

 [[138  72]]

 [[141  73]]

 [[143  74]]

 [[146  77]]

 [[147  79]]]
@ @
[[[148  76]]

 [[142 164]]

 [[140 168]]

 [[138 170]]

 [[132 175]]

 [[129 177]]

 [[127 178]]

 [[124 179]]

 [[ 52 199]]

 [[  0 199]]

 [[  0 181]]

 [[ 86  82]]

 [[ 88  80]]

 [[ 95  74]]

 [[101  70]]

 [[103  69]]

 [[106  68]]

 [[110  67]]

 [[115  66]]

 [[127  66]]

 [[141  68]]

 [[145  69]]

 [[148  72]]]
@ @
[[[169  54]]

 [[157 145]]

 [[156 147]]

 [[154 149]]

 [[ 57 199]]

 [[ 15 199]]

 [[ 15 165]]

 [[ 16 161]]

 [[ 17 158]]

 [[ 21 150]]

 [[ 23 147]]

 [[ 27 142]]

 [[110  51]]

 [[113  48]]

 [[116  46]]

 [[119  45]]

 [[123  44]]

 [[133  42]]

 [[140  41]]

 [[153  41]]

 [[160  42]]

 [[163  43]]

 [[167  45]]

 [[168  46]]

 [[169  48]]]
@ @
[[[164 134]]

 [[163 136]]

 [[158 141]]

 [[153 145]]

 [[149 148]]

 [[ 59 199]]

 [[ 15 199]]

 [[ 15 167]]

 [[ 16 162]]

 [[ 17 159]]

 [[ 19 156]]

 [[106  44]]

 [[109  41]]

 [[115  38]]

 [[124  35]]

 [[131  33]]

 [[135  32]]

 [[156  32]]

 [[160  33]]

 [[162  34]]

 [[163  35]]

 [[164  38]]]
@ @
[[[167  58]]

 [[159 130]]

 [[155 138]]

 [[152 143]]

 [[146 149]]

 [[ 67 199]]

 [[ 22 199]]

 [[ 22 176]]

 [[ 23 171]]

 [[ 25 167]]

 [[ 48 130]]

 [[ 54 121]]

 [[ 65 106]]

 [[101  59]]

 [[108  52]]

 [[112  49]]

 [[116  47]]

 [[119  46]]

 [[125  45]]

 [[143  45]]

 [[153  47]]

 [[157  48]]

 [[163  50]]

 [[165  51]]

 [[167  53]]]
@ @
[[[181  75]]

 [[173 137]]

 [[172 140]]

 [[169 144]]

 [[158 154]]

 [[ 70 199]]

 [[ 25 199]]

 [[ 25 171]]

 [[ 26 168]]

 [[ 27 166]]

 [[ 29 163]]

 [[114  64]]

 [[119  59]]

 [[125  54]]

 [[129  52]]

 [[147  52]]

 [[154  53]]

 [[158  54]]

 [[164  56]]

 [[172  60]]

 [[175  62]]

 [[181  68]]]
@ @
[[[186  78]]

 [[176 157]]

 [[175 159]]

 [[173 161]]

 [[165 165]]

 [[160 167]]

 [[ 71 199]]

 [[ 24 199]]

 [[ 24 178]]

 [[ 25 174]]

 [[ 26 171]]

 [[ 27 169]]

 [[ 31 163]]

 [[ 36 157]]

 [[127  60]]

 [[129  58]]

 [[133  56]]

 [[136  55]]

 [[149  55]]

 [[158  56]]

 [[166  58]]

 [[172  61]]

 [[177  64]]

 [[181  67]]

 [[184  70]]

 [[185  72]]

 [[186  75]]]
@ @
[[[173 135]]

 [[172 137]]

 [[165 144]]

 [[160 148]]

 [[157 150]]

 [[ 67 199]]

 [[ 23 199]]

 [[ 23 191]]

 [[ 27 163]]

 [[ 28 159]]

 [[ 30 155]]

 [[103  50]]

 [[106  46]]

 [[113  39]]

 [[116  37]]

 [[122  34]]

 [[130  32]]

 [[136  31]]

 [[145  31]]

 [[150  32]]

 [[165  37]]

 [[167  38]]

 [[169  40]]

 [[173 131]]]
@ @
[[[169 139]]

 [[168 141]]

 [[164 145]]

 [[161 147]]

 [[ 70 199]]

 [[ 26 199]]

 [[ 26 170]]

 [[ 27 166]]

 [[ 29 160]]

 [[ 30 158]]

 [[ 34 152]]

 [[109  49]]

 [[114  44]]

 [[116  43]]

 [[119  42]]

 [[125  41]]

 [[135  40]]

 [[141  40]]

 [[147  41]]

 [[150  42]]

 [[155  44]]

 [[159  46]]

 [[162  48]]

 [[165  51]]

 [[166  53]]

 [[169 134]]]
@ @
[[[160 145]]

 [[159 147]]

 [[155 151]]

 [[150 154]]

 [[ 65 199]]

 [[ 22 199]]

 [[ 22 177]]

 [[ 23 171]]

 [[ 24 168]]

 [[ 28 160]]

 [[ 32 154]]

 [[105  54]]

 [[108  52]]

 [[110  51]]

 [[113  50]]

 [[119  49]]

 [[129  48]]

 [[133  48]]

 [[140  49]]

 [[143  50]]

 [[148  52]]

 [[150  53]]

 [[153  55]]

 [[158  60]]

 [[160 141]]]
@ @
[[[175 146]]

 [[174 148]]

 [[170 152]]

 [[162 156]]

 [[ 73 199]]

 [[ 30 199]]

 [[ 29 186]]

 [[ 29 180]]

 [[ 30 172]]

 [[ 31 168]]

 [[ 34 162]]

 [[ 38 156]]

 [[114  52]]

 [[118  48]]

 [[120  47]]

 [[124  46]]

 [[129  45]]

 [[136  44]]

 [[150  44]]

 [[154  45]]

 [[157  46]]

 [[167  51]]

 [[169  53]]

 [[170  55]]

 [[171  58]]

 [[175 143]]]
@ @
[[[188 133]]

 [[187 136]]

 [[175 148]]

 [[172 150]]

 [[ 84 199]]

 [[ 40 199]]

 [[ 40 193]]

 [[ 41 171]]

 [[ 42 167]]

 [[ 43 164]]

 [[112  52]]

 [[115  48]]

 [[118  45]]

 [[122  42]]

 [[125  40]]

 [[130  38]]

 [[136  36]]

 [[140  35]]

 [[147  34]]

 [[151  34]]

 [[157  35]]

 [[169  39]]

 [[173  41]]

 [[175  43]]

 [[188 131]]]
@ @
[[[189 144]]

 [[188 147]]

 [[187 149]]

 [[185 151]]

 [[181 154]]

 [[172 160]]

 [[168 162]]

 [[ 85 199]]

 [[ 39 199]]

 [[ 38 193]]

 [[ 38 184]]

 [[ 39 178]]

 [[ 40 175]]

 [[ 43 169]]

 [[ 45 166]]

 [[121  54]]

 [[126  49]]

 [[128  48]]

 [[131  47]]

 [[135  46]]

 [[140  45]]

 [[147  44]]

 [[157  44]]

 [[162  45]]

 [[165  46]]

 [[172  49]]

 [[176  51]]

 [[180  55]]

 [[189 143]]]
@ @
[[[185 163]]

 [[184 165]]

 [[182 167]]

 [[178 169]]

 [[ 88 199]]

 [[ 43 199]]

 [[ 43 186]]

 [[ 44 179]]

 [[ 45 175]]

 [[ 49 167]]

 [[ 51 164]]

 [[ 54 160]]

 [[128  62]]

 [[131  59]]

 [[135  57]]

 [[139  56]]

 [[146  55]]

 [[161  55]]

 [[165  56]]

 [[168  57]]

 [[174  60]]

 [[180  64]]

 [[182  67]]

 [[185 159]]]
@ @
