 330  335  331  201,  335  337  336  114,  337  494  455 9036,    8   14    9  162,   14  142  107 3191,  198  247  227  775,  247  258  255  219,  258  276  260  162,  276  280  279  186,  280  322  302  657
 343  345  344  114,  345  504  461 9317,    0    2    1  114,    9  152  114 3292,  209  272  237  904,  272  281  274  208,  281  286  283  190,  286  289  288  162,  289  330  310  652
 365  521  479 9211,    1    3    2  114,    7   12    8  201,   12  163  115 4344,  220  299  254 1047,  299  306  301  202,  306  309  308  162,  309  314  313  201,  314  347  329  687,  347  356  355  226
 462  504  471  512,  504  511  505  217,  511  514  512  162,    0  156  112 9031,  156  158  157  114,  162  168  163  162,  168  307  263 4666,  364  422  403  751,  422  428  424  162,  428  448  438  245,  448  455  451  211,  455  462  461  217
 326  332  327  210,  332  334  333  114,  335  492  453 9412,    0    2    1  114,    6   10    7  186,   10   15   13  190,   15  139  108 2934,  197  245  222  689,  245  269  247  162,  269  277  272  186,  277  312  300  680
 332  335  333  162,  336  488  449 8810,    9   15   10  162,   15  142  108 2849,  201  270  222  767,  270  276  272  162,  276  283  282  217,  283  312  299  676
 339  345  340  210,  345  347  346  114,  348    0  463 9728,    8   14    9  162,   14  145  113 3171,  203  249  229  757,  249  276  251  162,  276  283  279  211,  283  287  286  186,  287  324  309  664
 447  497  465  512,  497  504  498  217,  504  507  505  162,    0  161  116 9941,  161  163  162  114,  163  165  164  114,  169  175  170  162,  175  304  273 3347,  363  408  394  729,  408  417  410  162,  417  431  420  211,  431  442  438  225,  442  447  446  201
 336  344  337  222,  344  346  345  114,  346  508  464 9945,   10   16   11  162,   16  148  113 2821,  207  257  234  788,  257  262  259  190,  262  280  267  225,  280  283  282  162,  283  287  286  186,  287  327  306  739
  343   345   344   114,   346   511   465 10327,     1     3     2   114,     9    14    10   201,    14    18    15   186,    18   151   120  2583,   211   269   226   747,   269   278   271   208,   278   283   280   190,   283   288   287   201,   288   327   307   740
 354  356  355  114,  356  514  470 9486,   11   15   12  186,   15  158  114 3705,  215  294  243 1031,  294  297  296  162,  297  301  300  186,  301  337  320  669
 350  352  351  114,  353  515  474 9097,    9  156  112 4031,  213  287  239  994,  287  292  289  190,  292  295  294  162,  295  333  313  699,  333  346  345  236
 350  513  472 8984,    7   11    8  186,   11  155  114 3864,  213  292  244  933,  292  329  314  659,  329  335  331  162,  335  340  339  201,  340  346  345  210
 347  513  469 9323,    1    3    2  114,    7   12    8  201,   12  157  116 3349,  215  290  242 1067,  290  329  308  698,  329  333  332  186,  333  342  337  222
 352  503  465 8150,    9  158  110 4056,  214  295  249 1107,  295  334  314  567,  334  338  337  186,  338  344  343  210
 352  507  464 8398,    1    4    3  162,    5   11    6  210,   11  162  111 3971,  218  301  248 1181,  301  331  319  658,  331  340  333  162,  340  345  344  201
 348  510  464 8692,    1    3    2  114,   10  164  114 3645,  220  293  253 1271,  293  299  294  114,  299  331  311  608,  331  337  333  162,  337  345  340  186
 349  510  467 8931,    0    2    1  114,    2    6    5  186,    6   12    7  210,   12  158  114 3896,  215  294  241  896,  294  333  311  648,  333  338  337  201,  338  344  343  210
 346  507  466 9214,    0    2    1  114,    7   11    8  186,   11  154  114 3623,  211  288  236  784,  288  291  290  162,  291  329  306  668,  329  333  332  186,  333  340  339  217
 348  351  349  162,  352  515  473 9547,    8   11    9  162,   11  151  107 4467,  208  259  236  710,  259  267  264  210,  267  284  281  227,  284  293  286  162,  293  297  296  186,  297  332  316  703,  332  339  338  217
 507  512  508  201,    0  161  113 9249,  161  164  162  162,  169  172  170  162,  172  306  266 4820,  363  365  364  114,  365  422  395  486,  422  450  425  186,  450  455  454  201,  455  490  476  714
 491  497  492  210,    0  160  109 8959,  164  168  165  186,  168  297  260 4512,  355  402  386  533,  402  405  404  162,  405  412  408  211,  412  434  419  225,  434  438  437  186,  438  476  463  670
 348    0  468 9259,    8   14    9  162,   14  149  108 4240,  207  261  235  689,  261  283  269  219,  283  289  285  162,  289  293  292  186,  293  327  311  678,  327  334  333  217
 351  514  468 9430,    8   12    9  186,   12  158  115 4259,  216  292  243  877,  292  295  294  162,  295  333  313  655,  333  338  337  201,  338  345  344  217
 497  503  498  210,  503  507  504  186,    0  163   37 8386,  166  169  167  162,  169  299  262 4077,  358  360  359  114,  360  414  390  597,  414  437  433  237,  437  449  440  186,  449  486  476  629
 515  519  516  186,  519  521  520  114,    0  159   34 8147,  159  161  160  114,  162  165  163  162,  165  307  260 4995,  365  423  410  609,  423  435  425  162,  435  448  438  226,  448  458  451  221,  458  462  461  186,  462  498  489  574
 506  514  507  222,  514  517  515  162,    0  157   32 8014,  157  159  158  114,  161  164  162  162,  164  305  258 4574,  364  422  402  751,  422  455  440  243,  455  459  458  186,  459  499  482  730
 363  523  401 8389,    7  154  107 4396,  213  299  248  820,  299  305  301  162,  305  342  325  700
 322  324  323  114,  324  482  447 7981,    6   10    7  186,   10  136  106 2306,  197  199  198  114,  199  264  212  761,  264  268  267  186,  268  305  290  690
 319  321  320  114,  321    0  358 7829,    7   10    8  162,   10  131  103 2125,  193  257  213  768,  257  260  259  162,  260  264  263  186,  264  299  285  656
