166  75, 163 117, 162 121, 156 139, 152 150, 133 199,  77 199,  24  71,  22  65,  22  58,  23  57,  26  57, 164  60, 165  62, 166  67
177  78, 170 119, 169 122, 167 127, 163 136, 134 199,  77 199,  34  56,  34  49,  35  47,  38  47, 176  63, 177  65
180  63, 179  72, 173 105, 172 110, 171 113, 168 120, 132 199,  75 199,  39  48,  38  43,  38  39,  39  37,  40  36,  42  36, 178  54, 180  56
162 101, 161 108, 159 115, 153 135, 151 141, 130 199,  73 199,  21  60,  19  54,  19  50,  20  48, 157  47, 158  47, 160  49, 161  52, 162  59
166  84, 165 119, 163 127, 155 151, 136 199,  78 199,  24  75,  22  70,  21  66,  21  62,  22  60,  26  60, 163  61, 164  62, 165  64, 166  70
172  88, 169 117, 168 124, 166 130, 139 199,  80 199,  36  72,  34  66,  34  58,  35  57,  38  57, 170  64, 171  65, 172  68
161  78, 160 115, 159 119, 157 126, 148 153, 130 199,  72 199,  17  68,  15  62,  15  55,  16  54, 158  54, 159  55, 160  57, 161  63
160 115, 159 120, 156 131, 152 145, 149 154, 133 199,  74 199,  14  70,  12  64,  12  60,  13  58,  15  57, 154  54, 157  54, 158  55, 159  58, 160  65
169  79, 165 119, 164 123, 163 126, 156 144, 154 149, 133 199,  74 199,  26  67,  24  61,  24  52,  25  51,  28  51, 167  60, 168  62, 169  70
178  83, 172 122, 171 127, 169 132, 165 141, 137 199,  77 199,  36  66,  35  62,  34  57,  34  51,  35  49,  36  48,  39  48, 176  64, 177  65, 178  67
172  77, 167 113, 166 117, 165 120, 130 199,  73 199,  34  56,  33  52,  33  42,  34  41,  36  41, 171  58, 172  60
176  66, 175  79, 167 117, 166 120, 164 125, 129 199,  72 199,  27  52,  27  44,  28  43,  31  43, 174  59, 175  60, 176  62
180  66, 179  72, 178  77, 176  83, 163 120, 130 199,  72 199,  27  55,  26  51,  26  45,  27  44,  31  44, 179  62, 180  63
182  72, 180  81, 179  85, 164 124, 129 199,  71 199,  30  54,  29  49,  29  45,  30  43,  31  42,  33  42, 181  67, 182  68
172  69, 171  75, 170  79, 157 118, 123 199,  67 199,  32  50,  32  42,  33  41,  35  41, 171  61, 172  62
181  72, 180  77, 177  86, 164 116, 125 199,  69 199,  40  48,  39  42,  39  41,  40  38,  41  37,  44  37, 181  65
188  74, 186  82, 184  88, 169 120, 166 126, 127 199,  71 199,  45  45,  45  38,  46  36,  47  35,  48  35, 188  71
182  70, 181  76, 180  81, 167 120, 131 199,  74 199,  35  53,  34  47,  35  43,  37  42,  38  42, 181  65, 182  66
180  70, 179  77, 178  81, 166 119, 165 122, 130 199,  73 199,  31  56,  30  52,  30  47,  31  45,  35  45, 179  64, 180  65
169  68, 168  75, 161 110, 160 114, 157 123, 151 140, 148 148, 128 199,  71 199,  18  59,  17  56,  17  50,  19  48,  20  48, 167  55, 168  56, 169  59
159  72, 156 107, 155 112, 148 140, 129 197, 128 199,  71 199,   8  65,   7  62,   7  57,  10  56, 155  49, 157  49, 158  50, 159  55
169  78, 165 116, 164 120, 158 142, 156 149, 155 152, 138 199,  80 199,  19  70,  18  66,  18  63,  19  62, 164  56, 167  56, 168  57, 169  63
175  72, 174  79, 167 113, 166 117, 164 123, 156 145, 135 199,  77 199,  29  64,  27  58,  27  52,  29  50, 173  58, 175  60
188  69, 187  76, 186  81, 174 119, 173 122, 137 198, 136 199,  79 199,  41  53,  40  49,  40  43,  42  41,  44  41, 188  63
173  71, 171 108, 168 120, 162 143, 145 197, 144 199,  85 199,  23  69,  22  66,  22  64,  23  63, 168  48, 169  48, 171  50, 172  54, 173  60
178  66, 175 102, 174 106, 171 116, 167 129, 163 141, 143 199,  85 199,  31  57,  30  54,  30  53,  31  51, 173  43, 176  43, 177  45, 178  49
183  64, 178 104, 177 108, 166 141, 146 199,  87 199,  36  58,  35  55,  35  53,  36  51, 177  46, 181  46, 182  49, 183  57
185  70, 178 107, 176 113, 143 199,  84 199,  37  52,  37  46,  38  45,  40  45, 183  49, 185  51
176  91, 168 128, 167 132, 141 197, 140 199,  79 199,  30  73,  29  69,  29  65,  31  63,  32  63, 175  72, 176  74
165  93, 159 128, 158 132, 157 135, 134 199,  72 199,  20  78,  19  75,  19  70,  21  68, 164  71, 165  73
