 317  321  318  186,  321  338  328  231,  338  344  339  162,  344  346  345  114,  346  349  348  142,  349  355  354  164,  360  364  361  114,  364  460  415 8652,    1    3    2  114,   18  167   53 1954,  223  300  252  958,  300  306  302  162
 322  327  323  201,  327  346  332  237,  346  352  347  162,  352  354  353  114,  354  364  356  176,  369  471  424 9109,    2    4    3  114,    4   10    9  210,   10  174   54 1792,  230  308  258 1222,  308  311  310  162,  311  315  314  186
 321  343  335  277,  343  348  344  201,  348  354  349  162,  354  361  359  202,  361  365  362  114,  365  369  368  154,  369  372  370  142,  372  477  428 9327,    3    5    4  114,    5   10    9  201,   10  174   64 1608,  234  305  265 1353,  305  309  306  114,  309  312  311  162,  312  316  315  186
 328  347  337  268,  347  352  348  201,  352  356  353  186,  356  368  357  162,  368  371  370  142,  372  481  430 9715,    1    5    2  114,    5   13    8  186,   13   22   21  226,   22  174   62 1581,  237  308  265 1446,  308  312  309  114,  312  315  314  162
 323  345  336  261,  345  349  346  186,  349  352  350  162,  352  363  361  212,  363  365  364  114,  365  368  367  142,  372  478  429 9633,    1    5    2  114,    5   10    9  201,   10  175   60 1792,  233  309  255 1023,  309  315  311  162
 328  362  340  566,  362  365  363  162,  365  369  366  114,  373  474  431 8457,  474  476  475  114,    3    6    5  162,    6   11   10  201,   11  167   64 1883,  235  300  259 1020,  300  310  302  190,  310  314  313  186
 327  344  340  235,  344  348  345  186,  348  354  349  162,  354  357  356  142,  357  372  365  320,  374  378  375  114,  378  480  428 9626,    0    2    1  114,    2    4    3  114,    4   10    9  210,   18  177  129 2075,  233  310  257  882,  310  315  312  190
  309   314   310   201,   314   318   315   186,   318   333   322   231,   333   339   334   162,   339   359   352   333,   363   365   364   114,   365   473   418 10151,     0     2     1   114,     2     4     3   114,     4     7     6   162,    23   170    67  1813,   228   299   247   773,   299   303   302   186
 304  319  305  201,  319  327  320  186,  327  333  328  114,  333  347  338  254,  349  352  350  142,  352  451  401 9273,    2    5    4  162,    5   12   11  217,   20  165   57 1727,  219  281  242  811,  281  289  282  114,  289  292  291  162
 308  320  309  234,  320  326  321  210,  326  332  327  162,  332  345  339  312,  345  349  346  114,  354  455  404 9514,    2    4    3  114,    4   10    6  162,   10   15   14  201,   15   23   22  222,   23  165   60 1380,  225  283  252 1185,  283  289  284  142,  289  295  291  162
 305  310  306  201,  310  316  311  162,  316  329  324  221,  329  334  332  190,  334  338  335  114,  338  348  343  220,  348  351  350  142,  356  359  358  162,  359  458  411 9243,    2    4    3  114,    8  161  112 3384,  218  274  242  579,  274  282  279  210,  282  297  284  162,  297  303  302  210
 311  329  312  210,  329  333  330  186,  333  336  334  162,  336  354  349  286,  354  356  355  114,  360  466  414 9737,  466  468  467  114,    2    5    4  162,    5   10    9  201,   10  167   71 1991,  226  291  248  922,  291  297  292  114,  297  300  299  162
 310  351  338  386,  351  355  352  114,  360  464  417 9409,  464  466  465  114,    2    4    3  114,    4    7    6  162,    7   16   15  226,   16  169   59 2048,  227  293  242  754,  293  296  295  162,  296  300  299  186
 306  311  307  201,  311  346  329  328,  346  352  347  162,  352  355  354  142,  357  360  358  142,  360  463  415 9532,    1    3    2  114,    3    6    5  162,   16  164   58 2448,  223  274  242  668,  274  284  276  190,  284  296  286  162,  296  300  299  186
 310  316  311  162,  316  350  326  355,  350  354  351  114,  354  357  356  142,  357  360  358  142,  360  362  361  114,  362  365  364  162,  365  464  418 9405,    2    6    5  186,   11  162  117 2782,  222  271  237  603,  271  280  273  162,  280  290  283  221,  290  297  293  211
 302  342  313  310,  342  345  343  162,  345  347  346  114,  352  354  353  114,  354  459  410 9565,    3    6    5  162,    6   14   13  222,   15  163   58 2293,  222  224  223  114,  224  273  236  610,  273  282  275  208,  282  287  284  190,  287  291  290  186
 299  305  300  210,  305  345  314  301,  345  349  346  114,  349  352  351  142,  352  355  353  142,  355  462  412 9761,    1    3    2  114,    3    6    5  162,    6   11   10  201,   11  166   61 2048,  225  278  246  700,  278  288  279  114,  288  291  290  162,  291  296  295  201
 302  308  303  210,  308  312  309  186,  312  346  325  386,  346  349  347  162,  349  353  350  114,  357  359  358  114,  359  466  417 9922,    2    5    4  162,   18  164   62 2904,  224  276  241  590,  276  286  278  190,  286  295  288  162,  295  301  300  210
 304  308  305  186,  308  345  321  367,  345  348  346  162,  348  352  349  114,  356  360  357  114,  360  466  416 9760,    2    5    4  162,   17  163   63 2871,  223  271  242  689,  271  281  273  190,  281  293  283  162,  293  297  296  186
 305  311  306  210,  311  315  312  186,  315  349  332  371,  349  352  350  162,  352  356  353  114,  359  363  360  114,  363  470  420 9882,    0    2    1  114,    2    6    3  114,   23  166   62 2808,  226  277  244  650,  277  284  279  202,  284  289  286  190,  289  298  291  162,  298  305  304  217
 308  312  309  186,  312  350  337  352,  350  354  351  114,  358  362  359  114,  362  467  419 9853,    1    3    2  114,    3    9    8  210,   14  165   61 2875,  224  276  246  639,  276  291  278  190,  291  297  293  162
 312  352  336  441,  352  355  353  162,  355  359  356  114,  363  365  364  114,  365  368  367  162,  368  470  422 9626,    2    4    3  114,   13  165   60 3080,  225  277  250  625,  277  298  279  162,  298  302  301  186
 319  323  320  186,  323  357  335  338,  357  363  358  114,  367  371  368  114,  371  475  428 9628,    0    2    1  114,    2    4    3  114,    4    8    7  186,   11  166   58 3284,  226  280  254  569,  280  290  283  221,  290  304  293  211,  304  309  308  201
 326  330  327  186,  330  365  340  354,  365  368  366  162,  368  372  369  114,  375  378  376  142,  378  485  436 9751,    2    4    3  114,   24  174  122 2826,  235  291  257  660,  291  298  293  202,  298  303  300  190,  303  311  308  210,  311  315  314  186
 323  361  341  433,  361  365  362  186,  365  368  366  162,  368  370  369  114,  375  377  376  114,  377    0  434 9909,    0    2    1  114,    3    6    5  162,    6   11   10  201,   18  174   64 2949,  235  287  254  644,  287  301  289  202,  301  306  303  190,  306  309  308  162,  309  313  312  186
  323   362   348   480,   362   365   363   162,   365   367   366   114,   367   370   369   142,   371   374   372   142,   374   376   375   114,   376   485   434 10027,     0     2     1   114,     2     4     3   114,     4     7     6   162,    17   171    64  3245,   232   283   253   627,   283   291   288   210,   291   306   293   162,   306   310   309   186
 320  324  321  186,  324  362  341  529,  362  365  364  142,  368  372  369  114,  372  475  429 9529,    2    5    4  162,   14  166  115 3398,  227  275  256  548,  275  284  277  162,  284  291  287  211,  291  307  294  186
 313  356  329  473,  356  358  357  114,  364  471  423 9850,    3    6    5  162,   24  167   60 2552,  228  277  249  706,  277  287  279  190,  287  295  292  210,  295  298  297  162,  298  302  301  186
 313  318  314  201,  318  357  335  407,  357  360  358  162,  360  362  361  114,  367  369  368  114,  369  476  427 9987,    3    7    6  186,   23  169   62 2777,  230  285  248  670,  285  295  287  190,  295  304  297  162,  304  309  308  201
 320  323  321  162,  323  361  335  459,  361  365  362  114,  369  373  370  114,  373  476  429 9745,    1    3    2  114,   18  167  120 3300,  228  276  250  539,  276  288  278  162,  288  303  299  231,  303  307  306  186
