137 116, 135 122, 103 199,  47 199,  37  50,  37  35,  38  33,  39  32,  42  32, 112  60, 116  62, 121  67, 126  73, 128  76, 129  78, 131  84, 136 101, 137 105
143 114, 142 118, 141 121, 104 199,  48 199,  48  35,  49  29,  50  27,  52  25,  55  25, 124  60, 129  65, 135  75, 136  77, 138  83, 142 102, 143 107
151 117, 150 121, 149 124, 147 128, 108 199,  51 199,  51 196,  61  32,  62  27,  63  25,  66  22,  67  22, 134  62, 137  64, 140  68, 142  72, 145  79, 147  85, 148  90, 151 112
156 121, 155 124, 153 128, 111 199,  54 199,  54 193,  70  41,  71  32,  73  24,  75  20,  76  19,  80  19, 145  64, 146  65, 148  68, 152  80, 153  84, 154  89, 156 108
150 117, 148 123, 112 199,  54 199,  54  34,  55  29,  57  25,  58  24,  61  24, 131  60, 135  64, 137  67, 138  69, 143  80, 144  83, 145  87, 150 109
145 120, 144 124, 140 134, 112 199,  52 199,  52 191,  56  35,  57  30,  58  27,  61  24,  62  24,  64  25, 133  61, 137  65, 139  69, 140  72, 145 106
150 117, 148 122, 110 199,  54 199,  47  40,  47  32,  48  26,  49  24,  51  23,  53  23, 123  56, 127  58, 129  60, 141  75, 143  78, 145  84, 146  88, 150 105
151 124, 150 128, 115 199,  57 199,  44  52,  44  36,  45  33,  46  31,  48  30,  49  30, 124  63, 126  64, 130  68, 143  88, 145  94, 149 109, 150 113, 151 118
159 126, 158 129, 154 137, 120 199,  66 199,  65  54,  65  46,  66  39,  67  36,  69  34,  72  34, 138  67, 141  69, 143  71, 151  85, 154  91, 156  99, 159 114
170 128, 168 134, 164 140, 124 198, 123 199,  69 199,  69 194,  86  52,  87  44,  88  39,  90  33,  91  31,  93  29,  95  29, 154  69, 159  74, 161  78, 166  91, 168  97, 169 103, 170 115
154 114, 153 120, 148 135, 145 143, 123 199,  66 199,  43  46,  43  42,  44  40,  46  38,  47  38, 126  60, 129  61, 134  66, 136  69, 142  79, 144  83, 146  88, 151 101, 153 107, 154 112
167 125, 166 128, 163 134, 124 199,  69 199,  69 195,  71  38,  72  33,  73  30,  75  28,  77  28,  79  29, 149  65, 153  69, 154  71, 162  89, 163  92, 164  96, 167 114
159 126, 158 130, 157 133, 125 199,  67 199,  67  46,  68  37,  69  34,  70  32,  72  30,  74  30,  76  31, 144  66, 149  71, 151  75, 159 116
156 122, 155 126, 151 138, 147 148, 126 199,  67 199,  55  51,  55  41,  56  38,  57  36,  58  35,  61  35, 135  63, 138  65, 140  67, 142  70, 144  76, 155 111, 156 116
155 124, 153 131, 150 141, 147 150, 129 199,  69 199,  49  48,  49  43,  50  39,  52  37,  55  37, 129  60, 132  61, 134  62, 137  64, 139  67, 141  71, 153 105, 155 111
160 130, 159 134, 157 139, 153 148, 130 197, 129 199,  70 199,  63  51,  63  50,  64  42,  65  39,  68  36,  69  36, 141  68, 143  69, 148  74, 149  76, 150  79, 160 119
164 128, 163 133, 162 136, 157 146, 129 199,  70 199,  70  44,  71  39,  72  36,  73  34,  74  33,  78  33, 148  70, 151  72, 153  75, 155  79, 163 119, 164 125
159 122, 158 128, 155 137, 151 147, 128 199,  68 199,  56  53,  56  40,  57  37,  59  35,  62  35, 139  65, 141  66, 145  70, 147  74, 148  77, 157 111, 158 115, 159 121
156 125, 155 129, 151 141, 147 151, 127 199,  67 199,  52  53,  52  41,  53  38,  55  36,  58  36, 134  64, 138  66, 142  70, 144  74, 145  77, 155 114, 156 118
158 120, 157 127, 154 136, 152 141, 149 148, 127 199,  67 199,  56  56,  56  39,  58  35,  60  34,  61  34, 137  64, 141  66, 144  69, 146  73, 147  76, 156 110, 157 114
158 126, 156 132, 150 147, 127 199,  68 199,  56  48,  56  43,  57  37,  58  35,  59  34,  63  34, 137  63, 141  65, 145  69, 147  73, 157 111, 158 115
155 122, 154 126, 147 147, 127 199,  67 199,  48  47,  48  38,  49  36,  51  34,  54  34, 131  59, 134  60, 136  61, 140  65, 142  69, 143  72, 155 112
160 116, 159 121, 155 135, 152 145, 132 199,  72 199,  52  44,  52  41,  53  37,  54  35,  56  34,  57  34, 135  56, 139  58, 143  62, 146  68, 159 102, 160 106
170 118, 169 122, 166 130, 164 135, 161 142, 136 198, 135 199,  75 199,  72  49,  72  29,  73  27,  75  25,  77  25, 151  56, 154  58, 157  61, 159  65, 160  68, 169 103, 170 107
167 121, 166 125, 165 128, 163 133, 157 147, 133 199,  72 199,  67  43,  67  36,  68  31,  69  28,  70  27,  72  26, 148  58, 150  59, 155  64, 156  66, 157  69, 158  73, 167 111
164 121, 163 125, 158 140, 155 148, 134 199,  73 199,  59  45,  59  35,  60  32,  61  30,  63  29,  64  29, 143  57, 145  58, 148  60, 149  61, 151  64, 152  66, 153  69, 164 108
159 119, 155 135, 153 142, 150 151, 133 199,  72 199,  53  47,  53  38,  54  35,  56  33,  58  33, 136  56, 140  58, 143  61, 145  64, 158 102, 159 106
164 125, 163 129, 162 132, 159 140, 155 150, 134 199,  73 199,  65  56,  65  38,  66  35,  69  32,  72  32, 146  63, 152  69, 153  71, 164 114
168 120, 167 125, 164 134, 160 144, 136 199,  75 199,  67  53,  67  37,  68  33,  71  30,  74  30, 148  61, 150  62, 155  67, 156  69, 157  72, 167 111, 168 116
163 119, 162 123, 158 138, 154 150, 136 198, 135 199,  75 199,  56  50,  56  35,  57  33,  58  32,  62  32, 139  55, 143  57, 147  61, 149  65, 162 103, 163 106
