[[[  251   339   278  1811]]

 [[  339   342   340   162]]

 [[  344   442   394 11640]]

 [[    1     3     2   114]]

 [[    3    77    49  3982]]

 [[   81    96    82   238]]

 [[   96   102    97   210]]

 [[  102   107   103   201]]

 [[  107   121   111   211]]

 [[  121   154   144   462]]

 [[  196   237   219   572]]

 [[  237   248   247   232]]]
@ @
[[[  363   366   364   162]]

 [[  366   368   367   114]]

 [[  368   370   369   114]]

 [[  370   463   417 11263]]

 [[    1     3     2   114]]

 [[    3    82    49  4466]]

 [[   89    93    90   186]]

 [[   93   129   107   521]]

 [[  129   170   163   542]]

 [[  210   354   316   821]]]
@ @
[[[  216   260   227   384]]

 [[  260   346   291   817]]

 [[  346   349   347   162]]

 [[  349   351   350   114]]

 [[  352   354   353   114]]

 [[  354   448   401 11412]]

 [[    1    89    55  4718]]

 [[   94    98    95   186]]

 [[   98   103   101   190]]

 [[  103   132   115   612]]

 [[  132   144   133   114]]

 [[  144   163   152   405]]]
@ @
[[[  242   331   272  2704]]

 [[  331   333   332   114]]

 [[  334   437   386 12105]]

 [[    1     3     2   114]]

 [[    3    91    57  4359]]

 [[   99   105   100   210]]

 [[  105   109   106   186]]

 [[  109   118   110   162]]

 [[  118   123   121   190]]

 [[  123   125   124   114]]

 [[  125   148   136   513]]

 [[  191   232   207   878]]]
@ @
[[[  240   322   269  4669]]

 [[  322   326   323   186]]

 [[  327   422   371 11253]]

 [[    1     3     2   114]]

 [[    3     6     5   162]]

 [[    6    91    58  4010]]

 [[  104   110   105   210]]

 [[  110   120   111   201]]

 [[  120   124   121   186]]

 [[  124   146   138   377]]

 [[  189   191   190   114]]

 [[  191   231   204   734]]

 [[  231   234   233   162]]]
@ @
[[[  264   346   297  4550]]

 [[  347   437   387 10503]]

 [[    0     4     1   114]]

 [[    4    90    54  3838]]

 [[  102   113   103   232]]

 [[  113   121   114   222]]

 [[  121   161   141   630]]

 [[  201   255   221  1222]]

 [[  255   258   257   162]]]
@ @
[[[  264   345   282  2782]]

 [[  345   348   346   162]]

 [[  349   451   397 12033]]

 [[    1     4     3   162]]

 [[    4    76    48  3761]]

 [[   76    88    79   186]]

 [[  102   107   103   201]]

 [[  107   123   108   186]]

 [[  123   129   124   162]]

 [[  129   156   146   409]]

 [[  156   158   157   114]]

 [[  201   256   225  1164]]]
@ @
[[[  257   348   278   768]]

 [[  348   350   349   114]]

 [[  352   448   401 11397]]

 [[    2    79    47  4372]]

 [[   84   104    91   331]]

 [[  104   110   105   210]]

 [[  110   125   111   201]]

 [[  125   133   126   186]]

 [[  133   140   137   211]]

 [[  140   159   152   296]]

 [[  204   257   230   749]]]
@ @
[[[  376   378   377   114]]

 [[  380   466   421 10189]]

 [[    1     3     2   114]]

 [[    3    88    52  4825]]

 [[   88    91    90   162]]

 [[   96   101    97   201]]

 [[  101   149   118   775]]

 [[  149   179   170   524]]

 [[  179   181   180   114]]

 [[  221   312   255  1272]]

 [[  312   361   332   313]]]
@ @
[[[  202   259   215   512]]

 [[  259   341   288   971]]

 [[  341   346   342   201]]

 [[  346   348   347   114]]

 [[  350     0   398 11520]]

 [[    2    82    52  4512]]

 [[   89   115    96   276]]

 [[  115   122   119   211]]

 [[  122   131   123   162]]

 [[  131   155   144   374]]]
@ @
[[[  326   392   346   613]]

 [[  392   482   427   800]]

 [[  482   486   483   186]]

 [[  486   488   487   114]]

 [[  490     0   491   114]]

 [[    0   105    52 12816]]

 [[  105   107   106   114]]

 [[  107   194   159  5132]]

 [[  197   201   198   186]]

 [[  201   240   209   324]]

 [[  240   245   243   190]]

 [[  245   278   269   487]]]
@ @
[[[  334   394   349   512]]

 [[  394   486   436   913]]

 [[  486   491   487   201]]

 [[  491   494   492   162]]

 [[  494   496   495   114]]

 [[    0   110    53 13506]]

 [[  110   112   111   114]]

 [[  112   115   114   162]]

 [[  115   207   171  5436]]

 [[  210   241   224   362]]

 [[  241   256   242   162]]

 [[  256   284   277   471]]]
@ @
[[[  296   399   340  1054]]

 [[  399   403   400   186]]

 [[  403   406   404   162]]

 [[  406   408   407   114]]

 [[  410   537   475 15188]]

 [[    2     5     4   162]]

 [[    5   108    67  6390]]

 [[  115   154   128   562]]

 [[  154   162   157   210]]

 [[  162   183   174   437]]

 [[  240   273   264   372]]]
@ @
[[[  283   372   305  2580]]

 [[  372   375   373   162]]

 [[  375   377   376   114]]

 [[  378   493   437 13844]]

 [[    0     2     1   114]]

 [[    2     4     3   114]]

 [[    4    93    59  4775]]

 [[  106   114   107   222]]

 [[  114   123   115   162]]

 [[  123   131   126   210]]

 [[  131   141   134   190]]

 [[  141   168   162   436]]

 [[  217   268   237   696]]]
@ @
[[[  279   372   302  2029]]

 [[  372   375   373   162]]

 [[  375   377   376   114]]

 [[  378   495   437 13844]]

 [[    2     4     3   114]]

 [[    4    92    57  5082]]

 [[   99   108   100   226]]

 [[  108   115   109   217]]

 [[  115   119   116   186]]

 [[  119   137   120   162]]

 [[  137   142   140   190]]

 [[  142   168   161   462]]

 [[  218   268   240   527]]]
@ @
[[[ 206  264  239  755]]

 [[ 264  268  265  186]]

 [[ 268  275  272  211]]

 [[ 275  342  301 1040]]

 [[ 342  348  343  162]]

 [[ 348  352  349  114]]

 [[ 353  429  392 8933]]

 [[   0    2    1  114]]

 [[   2   75   45 2928]]

 [[  83   88   84  201]]

 [[  88   91   89  162]]

 [[  91   99   92  114]]

 [[  99  155  140  794]]]
@ @
[[[  295   445   333  1541]]

 [[  445   448   446   162]]

 [[  448   450   449   114]]

 [[    0    83    43 10209]]

 [[   84    87    86   162]]

 [[   87   161   125  3414]]

 [[  164   168   165   186]]

 [[  168   171   169   162]]

 [[  171   184   182   215]]

 [[  184   243   233   670]]]
@ @
[[[  230   398   276  2849]]

 [[  398   400   399   114]]

 [[  402   497   451 11447]]

 [[    2     4     3   114]]

 [[    4    82    49  3391]]

 [[   89   106   102   235]]

 [[  106   113   110   211]]

 [[  113   118   116   190]]

 [[  118   180   158   682]]]
@ @
[[[  328   398   364   703]]

 [[  398   492   443  1231]]

 [[  492   496   493   186]]

 [[  496   500   497   114]]

 [[  500   502   501   114]]

 [[    0   102    49 12238]]

 [[  102   104   103   114]]

 [[  104   192   148  3328]]

 [[  192   198   193   210]]

 [[  198   204   199   162]]

 [[  204   209   207   190]]

 [[  209   277   245  1374]]]
@ @
[[[ 375  453  402 7511]]

 [[   2    5    4  162]]

 [[   5   87   50 3259]]

 [[ 105  117  106  186]]

 [[ 117  184  155 1142]]]
@ @
[[[  294   299   295   201]]

 [[  299   311   300   186]]

 [[  311   348   328   347]]

 [[  348   351   349   162]]

 [[  351   442   397   782]]

 [[  442   448   443   114]]

 [[    0    95    50 12152]]

 [[  102   176   138  3557]]

 [[  176   180   177   186]]

 [[  180   188   181   114]]

 [[  188   193   190   176]]

 [[  193   196   195   142]]

 [[  196   244   225  1279]]]
@ @
[[[  284   296   285   186]]

 [[  296   333   323   303]]

 [[  333   336   334   162]]

 [[  336   341   339   190]]

 [[  341   347   342   114]]

 [[  347   428   383   758]]

 [[  428   431   430   142]]

 [[  434   436   435   114]]

 [[    0    94    50 12020]]

 [[   99   172   135  3468]]

 [[  172   175   173   162]]

 [[  175   177   176   114]]

 [[  177   186   179   142]]

 [[  186   191   190   160]]

 [[  191   234   218  1172]]]
@ @
[[[  289   293   290   186]]

 [[  293   338   315   528]]

 [[  338   427   387   738]]

 [[  427   432   430   190]]

 [[  432   434   433   114]]

 [[    0    94    49 11883]]

 [[  101   174   134  3390]]

 [[  174   178   175   186]]

 [[  178   192   179   114]]

 [[  192   197   194   176]]

 [[  197   200   199   142]]

 [[  200   237   216   676]]]
@ @
[[[  306   440   326   861]]

 [[  440   445   441   201]]

 [[  445   448   446   162]]

 [[  448   452   449   114]]

 [[  453     0   455   162]]

 [[    0   100    51 12279]]

 [[  102   181   150  3917]]

 [[  190   214   202   349]]

 [[  214   248   233   709]]]
@ @
[[[  208   249   224   521]]

 [[  249   255   250   210]]

 [[  255   265   256   201]]

 [[  265   269   266   186]]

 [[  269   348   299  1639]]

 [[  348   351   349   162]]

 [[  351   353   352   114]]

 [[  355     0   406 12288]]

 [[   10    97    46  3222]]

 [[   97   101    98   186]]

 [[  101   104   102   162]]

 [[  104   112   105   114]]

 [[  112   154   141   822]]]
@ @
[[[  357   359   358   114]]

 [[  361   459   408 11561]]

 [[    2    73    38  2175]]

 [[   93   103    94   229]]

 [[  103   109   104   210]]

 [[  109   114   110   201]]

 [[  114   118   115   186]]

 [[  118   166   145   870]]

 [[  204   274   237  1249]]

 [[  274   349   317  1719]]]
@ @
[[[  371   376   372   201]]

 [[  376   378   377   114]]

 [[  379   482   430 11978]]

 [[    2    78    43  1830]]

 [[   99   109   100   229]]

 [[  109   116   110   217]]

 [[  116   174   144  1055]]

 [[  213   292   256  1599]]

 [[  292   370   332  2179]]]
@ @
[[[  277   352   305  1952]]

 [[  352   354   353   114]]

 [[  356     0   406 11912]]

 [[    0     2     1   114]]

 [[    2     4     3   114]]

 [[    4    76    43  2069]]

 [[   91    99    92   222]]

 [[   99   106   100   217]]

 [[  106   111   107   201]]

 [[  111   115   112   186]]

 [[  115   121   116   162]]

 [[  121   162   144   862]]

 [[  201   266   237  1051]]]
@ @
[[[  370   373   371   162]]

 [[  375   476   424 11654]]

 [[    1     3     2   114]]

 [[    3    80    39  2130]]

 [[   84    95    85   232]]

 [[   95   104    96   226]]

 [[  104   110   105   210]]

 [[  110   114   111   186]]

 [[  114   172   147  1063]]

 [[  211   286   250  1546]]

 [[  286   363   329  1935]]]
@ @
[[[  308   464   396  2638]]

 [[  464   466   465   114]]

 [[    0    99    48 11546]]

 [[  100   104   103   186]]

 [[  104   160   138  2773]]

 [[  174   187   181   234]]

 [[  187   193   188   210]]

 [[  193   208   194   162]]

 [[  208   262   238  1034]]]
@ @
