[[[139 147]]

 [[138 158]]

 [[134 199]]

 [[ 92 199]]

 [[ 79 166]]

 [[ 75 152]]

 [[ 74 147]]

 [[ 73 141]]

 [[ 72 126]]

 [[ 72 122]]

 [[ 84  51]]

 [[ 85  49]]

 [[ 86  48]]

 [[ 87  48]]

 [[133  51]]

 [[135  53]]

 [[136  56]]

 [[139 144]]]
@ @
[[[124  55]]

 [[121 199]]

 [[ 81 199]]

 [[ 68 158]]

 [[ 58 122]]

 [[ 57 118]]

 [[ 57 111]]

 [[ 77  41]]

 [[ 78  39]]

 [[ 79  38]]

 [[ 80  38]]

 [[120  40]]

 [[122  41]]

 [[123  43]]

 [[124  46]]]
@ @
[[[120 199]]

 [[ 82 199]]

 [[ 72 180]]

 [[ 66 168]]

 [[ 53 139]]

 [[ 51 134]]

 [[ 50 130]]

 [[ 50 125]]

 [[ 63  44]]

 [[ 64  43]]

 [[ 68  43]]

 [[108  47]]

 [[110  48]]

 [[111  49]]

 [[112  51]]

 [[113  54]]

 [[118 140]]

 [[120 184]]]
@ @
[[[121 158]]

 [[112 199]]

 [[ 69 199]]

 [[ 57 176]]

 [[ 56 174]]

 [[ 54 169]]

 [[ 51 160]]

 [[ 50 156]]

 [[ 49 150]]

 [[ 49 142]]

 [[ 59  54]]

 [[ 60  52]]

 [[ 61  51]]

 [[ 62  51]]

 [[109  56]]

 [[110  57]]

 [[111  59]]

 [[121 148]]]
@ @
[[[125 154]]

 [[124 157]]

 [[105 197]]

 [[104 199]]

 [[ 61 199]]

 [[ 54 177]]

 [[ 53 173]]

 [[ 51 163]]

 [[ 50 157]]

 [[ 50 144]]

 [[ 68  59]]

 [[ 69  56]]

 [[ 70  54]]

 [[ 71  53]]

 [[ 72  53]]

 [[107  63]]

 [[108  64]]

 [[109  68]]

 [[125 148]]]
@ @
[[[139 142]]

 [[138 145]]

 [[113 199]]

 [[ 73 199]]

 [[ 66 159]]

 [[ 65 151]]

 [[ 64 140]]

 [[ 64 128]]

 [[ 87  43]]

 [[ 89  39]]

 [[ 91  39]]

 [[123  54]]

 [[124  55]]

 [[139 136]]]
@ @
[[[132 144]]

 [[119 199]]

 [[ 76 199]]

 [[ 75 197]]

 [[ 65 170]]

 [[ 63 164]]

 [[ 59 148]]

 [[ 58 143]]

 [[ 58 129]]

 [[ 61 117]]

 [[ 79  46]]

 [[ 80  43]]

 [[ 81  42]]

 [[ 82  42]]

 [[125  51]]

 [[126  52]]

 [[127  55]]

 [[132 136]]]
@ @
[[[123 146]]

 [[117 199]]

 [[ 72 199]]

 [[ 66 180]]

 [[ 64 173]]

 [[ 62 165]]

 [[ 59 150]]

 [[ 58 144]]

 [[ 56 124]]

 [[ 56 119]]

 [[ 79  50]]

 [[ 81  48]]

 [[ 82  48]]

 [[120  51]]

 [[122  53]]

 [[123  55]]]
@ @
[[[115  59]]

 [[112 108]]

 [[104 199]]

 [[ 64 199]]

 [[ 63 197]]

 [[ 56 167]]

 [[ 45 119]]

 [[ 44 114]]

 [[ 44 109]]

 [[ 45 106]]

 [[ 75  34]]

 [[ 76  32]]

 [[ 77  31]]

 [[ 80  31]]

 [[112  40]]

 [[114  42]]

 [[115  44]]]
@ @
[[[ 97 199]]

 [[ 50 199]]

 [[ 40 175]]

 [[ 37 166]]

 [[ 35 159]]

 [[ 28 133]]

 [[ 28 126]]

 [[ 41  53]]

 [[ 43  51]]

 [[ 84  51]]

 [[ 86  53]]

 [[ 87  55]]

 [[ 88  60]]

 [[ 97 142]]]
@ @
[[[108 199]]

 [[ 63 199]]

 [[ 48 166]]

 [[ 46 161]]

 [[ 33 122]]

 [[ 32 118]]

 [[ 32 115]]

 [[ 43  36]]

 [[ 44  34]]

 [[ 85  31]]

 [[ 87  32]]

 [[ 89  34]]

 [[ 90  36]]

 [[ 91  40]]

 [[106 130]]

 [[108 196]]]
@ @
[[[115 199]]

 [[ 65 199]]

 [[ 53 171]]

 [[ 48 156]]

 [[ 38 125]]

 [[ 38 122]]

 [[ 49  39]]

 [[ 50  36]]

 [[ 52  35]]

 [[ 92  34]]

 [[ 95  34]]

 [[ 98  37]]

 [[ 99  39]]

 [[100  42]]

 [[101  47]]

 [[115 139]]]
@ @
[[[112 166]]

 [[110 199]]

 [[ 53 199]]

 [[ 44 178]]

 [[ 41 170]]

 [[ 27 131]]

 [[ 27 124]]

 [[ 39  33]]

 [[ 40  30]]

 [[ 42  28]]

 [[ 44  28]]

 [[ 91  29]]

 [[ 93  31]]

 [[ 94  33]]

 [[ 95  36]]

 [[ 96  40]]

 [[112 143]]]
@ @
[[[128 148]]

 [[121 199]]

 [[ 72 199]]

 [[ 59 172]]

 [[ 55 162]]

 [[ 52 154]]

 [[ 49 145]]

 [[ 48 137]]

 [[ 48 124]]

 [[ 57  38]]

 [[ 58  36]]

 [[ 60  35]]

 [[ 61  35]]

 [[106  38]]

 [[107  39]]

 [[108  41]]

 [[109  44]]

 [[128 133]]]
@ @
[[[131 149]]

 [[124 199]]

 [[ 74 199]]

 [[ 63 173]]

 [[ 61 168]]

 [[ 55 150]]

 [[ 54 146]]

 [[ 53 139]]

 [[ 52 130]]

 [[ 52 123]]

 [[ 63  40]]

 [[ 64  38]]

 [[ 66  36]]

 [[ 67  36]]

 [[112  39]]

 [[113  40]]

 [[114  42]]

 [[115  45]]

 [[131 138]]]
@ @
[[[148 199]]

 [[101 199]]

 [[ 69 143]]

 [[ 65 135]]

 [[ 64 132]]

 [[ 63 127]]

 [[ 63 119]]

 [[ 74  47]]

 [[ 75  45]]

 [[ 79  45]]

 [[106  48]]

 [[107  49]]

 [[109  53]]

 [[111  59]]

 [[131 126]]

 [[133 133]]

 [[134 137]]

 [[148 195]]]
@ @
[[[160 199]]

 [[111 199]]

 [[ 82 140]]

 [[ 76 127]]

 [[ 75 124]]

 [[ 74 120]]

 [[ 74 117]]

 [[ 88  47]]

 [[ 89  44]]

 [[ 90  43]]

 [[123  38]]

 [[124  38]]

 [[127  41]]

 [[128  43]]

 [[129  46]]

 [[160 196]]]
@ @
[[[173 199]]

 [[124 199]]

 [[ 99 137]]

 [[ 97 132]]

 [[ 95 125]]

 [[ 91 108]]

 [[ 91 101]]

 [[112  27]]

 [[113  25]]

 [[115  23]]

 [[117  23]]

 [[156  26]]

 [[158  28]]

 [[159  30]]

 [[173 198]]]
@ @
[[[185 199]]

 [[140 199]]

 [[106 131]]

 [[104 126]]

 [[102 120]]

 [[101 114]]

 [[101  26]]

 [[102  24]]

 [[146  20]]

 [[147  20]]

 [[149  21]]

 [[151  25]]

 [[152  29]]

 [[171 123]]

 [[185 193]]]
@ @
[[[199 199]]

 [[164 199]]

 [[144 132]]

 [[141 120]]

 [[141 102]]

 [[161  21]]

 [[162  18]]

 [[164  16]]

 [[166  16]]

 [[199  43]]]
@ @
[[[177 199]]

 [[132 199]]

 [[ 99 151]]

 [[ 97 148]]

 [[ 94 143]]

 [[ 90 135]]

 [[ 89 131]]

 [[ 73  57]]

 [[ 73  51]]

 [[ 74  50]]

 [[116  37]]

 [[119  37]]

 [[122  40]]

 [[125  46]]

 [[162 137]]

 [[163 140]]

 [[173 177]]

 [[176 189]]

 [[177 194]]]
@ @
[[[172 199]]

 [[126 199]]

 [[ 93 158]]

 [[ 89 153]]

 [[ 83 144]]

 [[ 82 142]]

 [[ 81 139]]

 [[ 59  66]]

 [[ 59  62]]

 [[ 60  61]]

 [[101  44]]

 [[102  44]]

 [[104  45]]

 [[107  48]]

 [[109  51]]

 [[151 132]]

 [[154 138]]

 [[156 143]]

 [[157 146]]

 [[169 183]]

 [[172 195]]]
@ @
[[[165 199]]

 [[117 199]]

 [[ 92 162]]

 [[ 90 159]]

 [[ 87 154]]

 [[ 80 140]]

 [[ 79 136]]

 [[ 73  63]]

 [[ 73  57]]

 [[ 74  56]]

 [[115  46]]

 [[116  46]]

 [[120  50]]

 [[121  52]]

 [[123  57]]

 [[152 146]]

 [[164 191]]

 [[165 195]]]
@ @
[[[148 199]]

 [[ 94 199]]

 [[ 78 165]]

 [[ 67 141]]

 [[ 67 132]]

 [[ 74  55]]

 [[ 76  53]]

 [[116  47]]

 [[119  48]]

 [[120  49]]

 [[122  53]]

 [[123  56]]

 [[124  61]]

 [[148 195]]]
@ @
[[[162 199]]

 [[115 199]]

 [[ 90 157]]

 [[ 86 149]]

 [[ 85 146]]

 [[ 84 142]]

 [[ 83  55]]

 [[ 83  47]]

 [[ 85  45]]

 [[127  45]]

 [[129  47]]

 [[130  49]]

 [[131  52]]

 [[153 131]]

 [[154 135]]

 [[156 145]]

 [[157 151]]

 [[162 192]]]
@ @
[[[150  54]]

 [[147 129]]

 [[143 199]]

 [[105 199]]

 [[ 90 151]]

 [[ 89 147]]

 [[ 88 142]]

 [[ 87 136]]

 [[ 86 126]]

 [[ 86 106]]

 [[ 95  35]]

 [[ 97  33]]

 [[100  33]]

 [[147  42]]

 [[149  44]]

 [[150  46]]]
@ @
[[[168  42]]

 [[167 120]]

 [[161 199]]

 [[122 199]]

 [[108 141]]

 [[107 134]]

 [[106 124]]

 [[106 103]]

 [[110  27]]

 [[112  25]]

 [[116  25]]

 [[165  33]]

 [[166  34]]

 [[167  36]]

 [[168  41]]]
@ @
[[[127 134]]

 [[125 199]]

 [[ 86 199]]

 [[ 71 158]]

 [[ 69 152]]

 [[ 68 148]]

 [[ 67 143]]

 [[ 66 136]]

 [[ 65 128]]

 [[ 65 113]]

 [[ 67  41]]

 [[ 68  39]]

 [[ 70  38]]

 [[123  44]]

 [[125  46]]

 [[126  48]]

 [[127 123]]]
@ @
[[[138  47]]

 [[137 124]]

 [[135 199]]

 [[ 96 199]]

 [[ 79 141]]

 [[ 78 137]]

 [[ 77 131]]

 [[ 76 122]]

 [[ 75 111]]

 [[ 75 107]]

 [[ 80  30]]

 [[ 81  28]]

 [[ 82  27]]

 [[ 84  27]]

 [[135  35]]

 [[137  37]]

 [[138  40]]]
@ @
[[[119 199]]

 [[ 77 199]]

 [[ 56 145]]

 [[ 51 130]]

 [[ 50 124]]

 [[ 48 111]]

 [[ 48  97]]

 [[ 56  42]]

 [[ 57  38]]

 [[ 58  37]]

 [[111  35]]

 [[113  35]]

 [[115  37]]

 [[116  39]]

 [[119 195]]]
@ @
