 307  502  352 2816,    0   54   17  706,   54   62   55  114,   62   76   73  224,   76   82   78  162,   82   87   86  201,   87  147  118 2191,  148  152  149  186,  152  154  153  114,  157  161  158  114,  161  164  163  162,  164  168  167  186,  168  304  210 4462
   0   52   22  642,   52   60   53  114,   60   81   62  162,   81   86   85  201,   86  145  117 2206,  154  156  155  114,  160  162  161  114,  162  165  164  162,  165  170  169  201,  170  185  178  271,  185  306  218 4487
 245  348  275 1387,  348  353  349  201,  353  357  354  186,  357  390  372  260,  390  414  391  114,    1   85   39 5667,   85   89   86  114,   96  106   97  201,  106  113  110  211,  113  190  168  876
 371  407  384  278,  407  439  423  248,  439  443  440  114,    2  107   54 7236,  107  110  108  142,  110  113  112  162,  117  129  118  186,  129  209  191  675,  262  355  304 1855
 373  379  374  210,  379  413  384  282,  413  438  427  301,  438  442  439  186,  442  445  443  162,  445  449  446  114,    1  113   56 7626,  113  117  114  114,  123  133  124  201,  133  213  162  618,  266  359  299 1755
 371  410  384  339,  410  416  411  210,  416  439  427  274,  439  444  440  201,  444  450  445  114,    2  118   58 7692,  118  121  120  162,  126  137  132  229,  137  214  171  597,  268  355  296 1644,  355  362  361  217
 360  367  361  217,  367  376  368  162,  376  409  391  260,  409  414  412  190,  414  434  427  268,  434  442  435  114,  442  445  444  142,    1    3    2  114,    3  113   55 7678,  120  205  163  933,  259  339  293 1094
 363  402  381  294,  402  434  416  318,  434  438  435  186,  438  442  439  114,  442  444  443  114,    3  111   55 6970,  111  113  112  114,  123  131  124  222,  131  211  160  924,  262  345  290 1275,  345  351  350  210,  351  359  358  222
 364  406  375  295,  406  432  420  329,  432  436  433  186,  436  440  437  114,    1  111   55 7202,  111  114  113  162,  120  130  121  201,  130  208  160  866,  260  351  293 1268
 346  358  347  234,  358  363  359  201,  363  366  364  162,  366  385  383  219,  385  429  413  229,  429  434  431  176,  438  440  439  114,    2  106   51 7179,  106  109  108  162,  114  120  115  162,  120  200  153 1179,  254  335  290 1138
 378  416  392  294,  416  444  435  326,  444  450  445  210,  450  456  451  162,  456  458  457  114,  459    0  460  114,    0    2    1  114,    4  116   57 7546,  116  120  117  114,  130  137  131  217,  137  220  166  785,  274  365  302 1746,  365  372  371  217
 392  428  410  256,  428  457  438  335,  457  461  458  186,  461  464  462  162,    1  118   56 7669,  118  122  119  114,  130  226  166  889,  279  372  312 1861,  372  377  376  201
 360  365  361  201,  365  369  366  186,  369  406  387  281,  406  429  422  277,  429  435  430  162,  435  441  436  114,    3  112   57 7539,  112  114  113  114,  124  130  125  210,  130  135  131  201,  135  202  166  778,  202  205  203  162,  260  318  286  909,  318  326  325  222,  326  337  336  232
 349  359  350  229,  359  363  360  186,  363  369  364  162,  369  407  372  236,  407  426  415  253,  426  431  429  190,  431  439  432  114,    0    2    1  114,    2    4    3  114,    4  115   57 7623,  119  124  120  201,  124  136  125  186,  136  200  168  608,  200  202  201  114,  258  315  280  905,  315  331  330  240
 352  357  353  201,  357  363  358  162,  363  401  393  276,  401  424  410  255,  424  434  425  114,  434  437  436  142,  437  440  438  142,    2    4    3  114,    4  110   56 7624,  110  113  112  162,  117  131  121  211,  131  134  132  162,  134  198  163  621,  255  315  287  785
 367  371  368  186,  371  404  392  243,  404  422  414  265,  422  427  425  190,  427  430  429  142,  431  433  432  114,    2   82   40 5232,   82   84   83  114,   84   88   87  186,   90   98   91  222,   98  197  158 1630,  246  343  304 1433
 249  351  291 1519,  351  358  352  217,  358  362  359  186,  362  367  365  190,  367  398  386  244,  398  422  406  229,  425    0  426  114,    0    2    1  114,    2    4    3  114,    4   88   44 5679,   96  101   97  201,  101  105  102  186,  105  193  160 1412
 246  328  279 1171,  328  339  329  232,  339  344  340  201,  344  349  347  190,  349  409  353  229,  409  412  411  142,  412  414  413  114,    1  101   48 6535,  109  189  167 1085
 346  354  347  222,  354  366  355  162,  366  395  369  234,  395  417  405  328,  417  422  420  190,    1   99   51 6722,   99  101  100  114,  110  197  146 1004,  247  345  291 1341
 354  366  355  162,  366  391  377  251,  391  418  404  285,  418  424  419  114,    1   99   49 6819,   99  101  100  114,  109  197  176  977,  247  332  288 1394
 349  356  350  217,  356  368  357  162,  368  391  385  263,  391  421  404  296,  421  425  422  114,  428    0  429  114,    0    2    1  114,    3  103   53 6888,  103  106  105  162,  111  115  112  186,  115  199  150  985,  249  346  293 1347
 355  389  386  236,  389  419  398  243,  419  427  420  114,  428  430  429  114,    2  102   51 6960,  102  105  104  162,  110  199  151  975,  249  338  287 1421
 356  362  357  210,  362  398  378  272,  398  420  413  299,  420  426  421  162,  426  430  427  114,    2  104   51 6931,  104  107  106  162,  111  202  152 1017,  252  347  290 1427
 327  344  328  241,  344  349  345  201,  349  358  350  162,  358  387  361  234,  387  410  405  228,  410  418  411  114,    2  102   50 6679,  112  117  113  201,  117  121  118  186,  121  191  151  872,  242  305  278 1095
 243  346  271 1024,  346  350  347  186,  350  359  351  162,  359  391  376  259,  391  407  400  249,  407  419  408  114,  422  424  423  114,    0    2    1  114,    2    4    3  114,    4  103   52 6716,  108  112  109  186,  112  122  119  221,  122  125  123  162,  125  192  151  744
 252  343  276 1145,  343  349  344  210,  349  353  350  186,  353  356  354  162,  356  388  372  235,  388  409  407  220,  409  419  410  114,  423  425  424  114,    0    2    1  114,    2    4    3  114,    4  102   53 6839,  102  105  104  162,  109  113  110  186,  113  193  177  719
 344  351  345  217,  351  357  352  162,  357  389  381  240,  389  414  399  238,  414  418  415  114,  418  421  420  142,  423  425  424  114,    0    2    1  114,    3  103   51 6773,  103  106  105  162,  109  113  110  186,  113  123  120  221,  123  194  176  875,  245  329  281 1096
 359  363  360  186,  363  395  379  244,  395  401  396  162,  401  424  412  284,  424  430  425  114,  433    0  434  114,    0    2    1  114,    3  101   52 6763,  101  105  102  114,  114  122  115  186,  122  201  155  905,  251  340  287 1233
 358  366  359  186,  366  396  370  231,  396  423  409  282,  423  428  426  190,  428  431  430  142,  432  434  433  114,    2  103   51 6968,  103  106  105  162,  113  118  114  201,  118  201  157 1006,  251  335  286 1163,  335  343  342  222
 358  364  359  210,  364  369  365  201,  369  401  373  248,  401  423  412  247,  423  429  424  162,  429  433  430  114,    1  103   51 6915,  103  105  104  114,  105  109  108  186,  110  118  111  222,  118  203  152 1008,  253  341  282 1166,  341  349  348  222
 362  366  363  186,  366  398  387  270,  398  421  411  256,  421  427  422  162,  427  431  428  114,  431  434  433  142,  434  436  435  114,    2  102   52 6844,  102  104  103  114,  115  202  153 1037,  252  343  285 1268
 354  362  355  186,  362  390  387  235,  390  399  391  162,  399  419  407  290,  419  427  420  114,    2   99   50 6917,   99  103  100  114,  110  198  151  931,  248  340  282 1264
