199 186, 196 186,  60 161,  56 160,  53 159,  49 157,  46 154,  45 152,  44 148,  44 147,  51  87,  52  82,  54  76,  59  62,  63  54,  92   0, 199   0
199 179, 197 179,  78 165,  63 163,  58 162,  55 161,  53 160,  49 156,  48 154,  48 145,  55  86,  56  81,  63  60,  67  52,  95   0, 199   0
123 199,  72 199,  49 122,  47 115,  45 105,  45  98,  47  94,  87  23,  88  22,  90  22,  94  26, 106  50, 119  83, 120  87, 121  92, 123 195
125 106, 120 199,  67 199,  46 119,  43 107,  43 103,  44 100,  46  97, 100  17, 102  15, 104  15, 107  18, 109  22, 117  54, 125  90
140 106, 129 199,  76 199,  58 119,  56 109,  56 103,  58  99, 118  16, 119  15, 123  15, 124  16, 126  20, 127  23, 128  27, 133  52, 139  86, 140  92
152 105, 151 112, 137 199,  83 199,  68 122,  66 111,  66 106,  67 103, 132  18, 134  16, 137  16, 138  17, 141  23, 142  28, 146  51, 147  57, 152  96
133 119, 130 199,  76 199,  48 114,  48 107,  91  14,  92  12,  93  11,  97  11,  99  13, 101  16, 105  24, 114  44, 116  49, 129  82, 132  91, 133  98
174 102, 173 110, 172 116, 157 199, 106 199,  94 119,  93 111,  93 101,  94  99, 157  21, 160  18, 161  18, 163  19, 165  23, 166  27, 170  59, 174  98
153 108, 142 199,  90 199,  73 121,  71 111,  71 105,  72 102, 132  18, 133  17, 136  17, 138  19, 140  23, 141  27, 146  53, 153  95
141 118, 140 199,  86 199,  59 119,  57 113,  57 108,  58 105,  95  16,  97  14,  98  14, 100  15, 104  19, 107  24, 129  68, 138  87, 139  90, 140  95, 141 107
157 101, 156 108, 140 199,  86 199,  72 116,  71 109,  71  99,  73  95, 137  16, 139  14, 141  13, 143  14, 144  15, 145  17, 147  23, 148  29, 152  57, 157  95
166 101, 165 106, 144 199,  91 199,  79 103,  79  95,  81  91, 153  13, 154  12, 158  12, 160  14, 161  17, 162  21, 164  50, 166  86
156 122, 155 133, 154 141, 146 199,  91 199,  90 196,  73 129,  72 124,  71 118,  71 108,  72 106, 123  17, 126  14, 128  14, 132  18, 135  24, 137  30, 144  53, 154  90, 155  94, 156  99
127 126, 126 142, 122 199,  66 199,  65 197,  44 133,  41 121,  40 116,  40 112,  87  17,  88  15,  90  14,  93  14,  97  18, 101  26, 103  31, 110  50, 123  88, 125  94, 126  98, 127 108
120 139, 118 199,  61 199,  38 135,  37 132,  33 118,  33 114,  34 111,  76  19,  77  17,  79  15,  82  15,  85  17,  87  20,  92  30, 102  53, 117  91, 119  97, 120 102
144 102, 143 199,  94 199,  75 100,  74  92,  74  90,  75  86,  76  84, 115  15, 117  13, 118  13, 120  14, 121  15, 123  18, 125  23, 132  41, 143  74, 144  78
128 199,  79 199,  53 111,  52 107,  51 102,  51  94,  86  18,  87  16,  89  15,  91  16,  94  19, 106  43, 119  74, 121  79, 122  83, 123  90, 128 192
123 199,  74 199,  39 119,  39 111,  75  25,  76  24,  79  24,  81  25,  83  28, 113  88, 115  93, 116  98, 117 109, 123 191
143 101, 138 199,  88 199,  64 112,  64 103,  65 101, 110  21, 111  20, 114  20, 118  24, 120  29, 128  51, 138  80, 142  92, 143 100
139 114, 136 199,  86 199,  61 111,  61 103,  62 101, 106  21, 107  20, 111  20, 113  22, 116  28, 126  55, 135  80, 139  92
141 102, 136 199,  87 199,  86 198,  62 114,  61 110,  61 105,  62 102, 107  21, 108  20, 110  19, 112  20, 115  23, 117  27, 128  57, 136  80, 140  92, 141  99
147 110, 141 199,  91 199,  67 110,  67 105,  68 102, 115  21, 117  19, 119  19, 121  20, 122  21, 126  29, 136  59, 147  93
157 104, 148 199,  98 199,  76 108,  76 104,  77 101, 126  20, 128  18, 131  18, 134  21, 136  25, 138  31, 145  53, 156  89, 157  95
139 136, 135 199,  84 199,  62 129,  61 125,  60 120,  60 110, 102  22, 104  20, 108  20, 111  23, 115  31, 124  54, 134  83, 137  92, 138  97, 139 114
128 199,  77 199,  54 132,  53 129,  50 119,  49 115,  49 110,  89  22,  90  20,  92  19,  93  19,  95  20,  98  23, 104  35, 111  51, 124  83, 127  92, 128  96
122 199,  71 199,  41 119,  40 115,  40 111,  41 108,  78  22,  79  20,  81  19,  82  19,  84  20,  88  24,  93  34, 103  55, 117  87, 118  90, 119  94, 120 100, 122 191
136 115, 133 199,  82 199,  60 128,  57 118,  56 114,  56 111,  57 108,  99  22, 100  21, 102  20, 103  20, 105  21, 107  23, 109  26, 111  30, 121  55, 133  87, 135  93, 136 100
150 110, 143 199,  93 199,  73 120,  71 112,  71 103,  73  99, 118  18, 119  17, 121  16, 123  17, 126  20, 129  26, 137  49, 139  55, 149  87, 150  91
164 107, 163 115, 152 199, 102 199,  85 116,  84 111,  84 104,  85 101, 135  19, 137  17, 139  17, 141  18, 142  19, 144  22, 146  27, 154  54, 162  84, 164  92
173 103, 172 111, 158 199, 108 199,  93 114,  92 106,  92 105,  93 101,  94  99, 146  18, 147  17, 151  17, 153  19, 155  23, 157  29, 163  51, 171  83, 172  88, 173  94
162 108, 151 199, 101 199,  83 112,  83 101,  84  99, 133  18, 135  16, 137  16, 139  17, 141  20, 143  24, 145  30, 152  53, 161  85, 162  89
150 107, 142 199,  92 199,  70 111,  70 104,  72 100, 117  20, 119  18, 123  18, 125  20, 129  28, 136  48, 139  57, 148  85, 150  93
