  361   510   408 10561,     2   118    59  7722,   118   120   119   114,   120   213   161  2560,   265   354   293  2781
  357   502   403 10094,     3   118    62  7946,   118   120   119   114,   128   212   163  2790,   265   355   289  2629
  364   509   409 10321,     2   117    59  7841,   117   119   118   114,   119   122   121   162,   122   212   169  2950,   268   358   296  2635
  361   363   362   114,   363   512   408 10421,   513   515   514   114,     0     2     1   114,     2   122    61  7873,   122   125   124   162,   125   210   175  2349,   267   356   289  2524,   359   361   360   114
 356  490  395 9070,    2  119   63 8100,  119  123  122  186,  124  210  162 3177,  264  351  289 1960,  351  354  352  142
  377   537   427 11750,     3   136    71  9364,   136   139   138   162,   144   225   187  2346,   285   361   295  1267,   361   374   368   180
  353   499   397 10401,     2   121    62  8261,   121   125   122   114,   131   210   167  2464,   265   334   283  1356,   340   349   341   170,   349   351   350   114
  352   494   395 10148,     1   119    61  8115,   119   121   120   114,   121   207   172  2456,   264   338   286  1550,   338   348   339   171,   348   351   349   142
  342   480   383 10003,   481   483   482   114,     2   116    62  8166,   116   119   117   142,   119   122   121   162,   125   202   166  2480,   257   326   269  1233,   326   333   330   179,   333   339   334   142
 334  469  375 9871,    2  114   59 7908,  114  118  115  114,  124  196  160 2421,  251  292  260  996,  292  316  303  496,  316  324  317  154,  324  330  325  142
  339   478   382 10158,   479   481   480   114,     2   115    59  7853,   115   118   116   142,   118   122   121   186,   125   201   160  2186,   256   294   271  1046,   294   322   312   483,   325   332   326   167,   332   336   333   154,   336   338   337   114
 336  471  377 9677,    2  117   60 8102,  117  119  118  114,  125  198  164 2309,  252  318  268 1225,  318  326  319  154,  326  332  327  142,  332  334  333  114
 339  470  378 9346,  471  473  472  114,    0    2    1  114,    2  114   62 7980,  114  118  115  114,  118  121  120  162,  122  200  163 2452,  253  324  269 1424,  324  332  327  190,  332  336  333  114
  336   477   378 10006,     2   117    62  8023,   117   121   118   114,   126   200   163  2406,   255   323   268  1473,   323   329   324   164,   329   333   330   154
  336   485   383 10518,     3   119    59  7757,   119   121   120   114,   129   201   165  2166,   255   332   270  1348,   333   335   334   114
  338   485   383 10301,     2   116    57  7593,   116   119   117   142,   119   123   122   186,   126   201   162  2327,   256   332   271  1559
 333  473  376 9727,    2  116   59 8037,  116  120  117  114,  124  198  162 2368,  253  330  265 1382,  330  332  331  114
  343   345   344   114,   345   493   390 10401,     2   118    56  7784,   118   122   119   114,   130   204   164  2205,   259   339   272  1572,   341   343   342   114
  343   489   388 10319,   490   492   491   114,     0     2     1   114,     2   119    59  7943,   119   121   120   114,   121   124   123   162,   127   205   165  2314,   260   338   273  1578
  359   503   404 10435,     3   116    56  7827,   116   119   117   142,   119   123   122   186,   123   209   169  2713,   266   354   287  2156
  357   503   402 10398,     2   117    58  7904,   117   121   118   114,   121   206   170  2598,   265   353   287  2143,   353   355   354   114
  357   503   404 10418,     1   117    55  7704,   117   120   119   162,   120   207   168  2633,   265   352   285  2131
  354   356   355   114,   356   500   400 10215,   501   503   502   114,     0     2     1   114,     3   119    59  7955,   119   121   120   114,   121   124   123   162,   126   212   167  2694,   265   348   285  2121
 351  492  394 9944,    2  116   58 8012,  116  119  117  142,  119  121  120  114,  128  210  165 2490,  263  348  280 1963
 346  489  389 9915,  490  492  491  114,    3  118   59 8065,  118  120  119  114,  129  207  164 2376,  260  337  279 1849
 346  474  381 7647,  474  478  475  114,  479  481  480  114,    0    2    1  114,    4  119   60 8179,  119  121  120  114,  133  213  165 2811,  267  344  288 2144
  352   495   399 11016,     2   119    61  8112,   119   123   122   186,   129   207   167  1928,   261   349   276  1580
  353   496   400 10935,     2   120    62  8332,   120   122   121   114,   130   208   165  2121,   262   343   276  1508,   343   348   344   160,   348   350   349   114
  356   509   407 11179,     1   120    61  8366,   120   124   121   114,   133   210   171  2308,   264   350   285  1828
  358   360   359   114,   360   515   411 11377,     2   122    62  8409,   122   126   123   114,   135   211   169  2074,   266   354   284  1619,   355   357   356   114
