160 126, 155 131,  79 199,  27 199,  27 106,  28 104,  95  23,  97  21, 100  21, 102  23, 160 124
151 119,  78 199,  25 199,  20 115,  20 107,  21 105,  81  21,  84  18,  86  18,  89  21, 151 117
163 123, 161 125,  85 199,  31 199,  31 197,  32 107,  33 104,  34 102,  98  21, 100  19, 103  19, 106  22, 163 119
164 129, 163 131, 160 134,  82 199,  29 199,  29 195,  31 110,  32 107, 103  24, 105  23, 106  23, 108  24, 109  25, 163 127
146 111, 144 114,  81 199,  27 199,  19 113,  19 112,  20 108,  76  19,  78  17,  81  17,  84  20, 146 109
160 119, 149 132,  82 199,  22 199,  13 118,  13 113,  14 110,  82  13,  85  10,  87  10,  91  14, 160 116
165 124, 164 126, 156 135, 150 141,  90 199,  35 199,  32 120,  32 114,  34 110,  99  27, 101  25, 105  25, 106  26, 165 122
171 123, 169 126, 160 136,  95 199,  41 199,  41 196,  42 110,  43 108, 109  27, 110  26, 114  26, 116  28, 171 122
165 120, 161 126, 156 133,  99 199,  44 199,  36 122,  36 119,  37 116,  39 113,  95  30,  97  28,  99  28, 101  29, 102  30, 165 117
169 124, 165 130, 159 138, 139 161, 104 199,  49 199,  42 127,  42 121,  44 117, 101  35, 103  33, 106  33, 108  35, 169 120
180 127, 179 129, 176 133, 170 140, 167 143, 141 168, 108 199,  53 199,  52 123,  52 120,  53 116,  55 113, 118  36, 120  34, 121  34, 123  35, 124  36, 180 126
153 120, 152 122, 148 128, 142 136,  90 199,  36 199,  25 126,  25 120,  26 118,  82  32,  84  30,  88  30,  90  32, 153 118
146 116, 144 120, 139 128,  86 199,  33 199,  21 121,  21 120,  22 117,  24 113,  77  29,  79  28,  80  28,  82  29,  83  30, 146 113
154 126, 151 130, 146 136,  89 199,  34 199,  23 125,  23 120,  25 116,  83  31,  85  29,  88  29,  91  32, 154 123
163 137, 162 139, 161 140,  89 199,  35 199,  28 127,  28 119,  29 117,  96  36,  99  33, 102  33, 104  35, 163 136
164 139, 160 143,  90 199,  35 199,  29 124,  29 121,  30 117,  32 114, 100  37, 102  35, 106  35, 108  37, 164 137
157 129, 156 131,  91 199,  36 199,  25 125,  25 121,  27 117,  86  34,  88  32,  92  32,  95  35, 157 128
167 139, 166 141, 164 143,  90 199,  35 199,  32 125,  32 117,  34 113, 104  36, 106  34, 110  34, 112  36, 166 137
166 137, 163 140,  92 199,  37 199,  33 121,  33 118,  34 115,  35 113, 104  35, 106  34, 108  34, 110  35, 111  36, 166 135
174 132, 173 133,  94 199,  40 199,  40 196,  43 110,  44 106,  46 103, 114  31, 117  28, 120  28, 123  31, 174 128
173 130, 172 132,  93 199,  40 199,  40 193,  42 108,  44 104, 113  30, 115  28, 119  28, 120  29, 173 128
180 133, 176 137,  97 199,  43 199,  43 195,  49 108,  50 105, 123  31, 124  30, 128  30, 130  32, 180 132
167 129, 162 134,  89 199,  36 199,  35 113,  35 111,  36 108,  37 106, 105  29, 106  28, 108  27, 109  27, 111  28, 112  29, 166 126, 167 128
157 125,  84 199,  31 199,  26 117,  26 110,  27 108,  29 105,  92  27,  94  25,  97  25, 100  28, 157 122
158 128, 152 134,  86 199,  33 199,  27 121,  27 112,  28 110,  91  30,  94  27,  96  27,  98  28,  99  29, 158 125
147 128,  86 199,  32 199,  27 119,  27 107,  28 105,  92  28,  94  26,  96  25,  97  25,  99  26, 100  27, 102  31, 147 126
167 120,  90 199,  36 199,  33 121,  33 115,  34 111,  97  28,  99  26, 102  26, 105  29, 167 117
163 118, 162 120, 158 125,  89 199,  35 199,  29 121,  29 113,  30 111,  91  26,  93  24,  96  24,  99  27, 163 115
172 131, 170 133,  91 199,  37 199,  33 122,  33 113,  35 109,  99  26, 100  25, 104  25, 106  27, 172 127
181 134, 180 136, 179 137,  97 199,  42 199,  40 123,  40 114,  42 110, 109  29, 111  27, 115  27, 117  29, 180 131, 181 133
