 410  449  423 1058,  449  453  450  154,  453  459  454  114,  459  462  461  162,    0   26    7  373,   26   83   43  817,   83   98   91  237,   98  104   99  162,  104  108  105  114,  118  233  173 7837,  233  236  234  142,  236  240  237  114,  240  243  242  162,  243  320  294 3086
 401  438  409  923,  438  442  439  154,  442  446  443  114,  446  450  449  186,    0   29    9  352,   29   81   46  858,   81   96   89  237,   96  100   97  186,  100  106  101  114,  115  230  167 7557,  230  234  231  114,  234  237  236  162,  237  317  288 2918
 414  463  430 1168,  463  471  464  114,  471  476  475  201,    0    6    1  210,    6   34   19  423,   34   85   55  762,   85   89   86  186,   89  103   93  211,  103  109  104  114,  109  113  112  154,  114  117  115  142,  123  233  177 7881,  233  236  234  142,  236  240  237  114,  240  243  242  162,  243  330  293 3731
 326  376  341 1451,  376  382  377  114,  382  407  406  246,  407  484  440 1096,    0    5    1  201,    5    9    6  114,   15   17   16  114,   17  132   73 7637,  134  139  135  160,  139  145  140  114,  145  234  198 3397
 412  461  426 1348,  461  464  462  142,  464  470  466  162,    0   84   45  967,   84   97   85  236,   97  103   98  162,  103  105  104  114,  113  220  165 7234,  226  232  227  142,  232  234  233  114,  234  237  236  162,  237  317  284 3429
 408  469  427 1712,  469  475  470  114,  475  480  479  201,  480  506  498  433,    0   71   19 1467,   71   77   72  210,   77   80   78  162,   80   84   81  114,   91  210  150 8260,  217  223  218  142,  223  313  276 3401
 345  419  370 2427,  419  422  420  142,  422  424  423  114,  424  427  426  162,  427  433  432  210,  433  456  450  377,  456    0  482 1280,    0   13    8  288,   22  148   85 9091,  157  160  158  142,  160  164  161  114,  164  241  217 2486
 403  435  408  522,  435  443  436  169,  443  449  444  114,  449  452  451  162,    0   26    7  373,   26   91   47 1291,   91   98   92  217,   98  102   99  186,  102  108  103  114,  118  234  172 8041,  234  240  235  142,  240  246  241  114,  246  250  249  186,  250  322  292 2332
 417  464  431 1152,  464  468  465  154,  468  474  469  142,  474  476  475  114,  476  479  478  162,    0   28   17  495,   28   94   52 1289,   94   98   95  186,   98  101   99  162,  101  107  102  114,  112  114  113  114,  116  118  117  114,  118  236  174 8125,  236  239  237  142,  239  243  240  114,  243  249  245  162,  249  327  295 3492
 398  451  410 1416,  451  454  452  142,  454  456  455  114,  456  460  459  186,  460  485  473  402,    0   80   29 1257,   80   84   81  186,   84   87   85  162,   87   91   88  114,   92   94   93  114,   96  223  166 8614,  230  233  231  142,  233  235  234  114,  235  241  237  162,  241  308  289 2046
 383  433  396 1188,  433  436  434  142,  436  438  437  114,  438  441  440  162,  441  470  462  370,    0   71   35 1408,   71   76   72  201,   76   82   77  162,   82   84   83  114,   84   87   86  142,   95  219  159 8636,  219  222  220  142,  222  228  223  114,  228  231  230  162,  231  236  235  201,  236  292  278 1958
 388  434  401 1200,  434  440  435  142,  440  443  442  162,  443  448  447  201,  448    0  453  256,    0   72   27 1096,   72   76   73  186,   76   81   79  190,   81   84   83  142,   93  216  155 8467,  216  220  217  114,  220  223  222  162,  223  227  226  186,  227  309  275 2885
 374  413  381  788,  413  417  414  154,  417  421  418  114,  421  424  423  162,  424  449  448  246,    0   68   29 1120,   68   73   69  201,   73   76   74  162,   76   80   77  114,   80   84   83  154,   84   86   85  114,   90  209  149 8065,  209  212  210  142,  212  214  213  114,  214  217  216  162,  217  221  220  186,  221  294  267 2671
 404  455  417 1297,  459  463  460  154,  463  465  464  114,  465  468  467  162,  468  497  485  487,    0   76   29 1655,   76   81   77  201,   81   84   82  162,   84   86   85  114,   92  217  157 8399,  223  227  224  154,  227  231  228  114,  231  319  281 2942
 408  470  430 1629,  470  473  471  142,  473  477  474  114,  477  481  480  186,  481  509  502  448,    0   72   31 1501,   72   76   73  186,   76   84   77  114,   89   91   90  114,   92  214  152 8211,  214  217  215  142,  217  225  218  114,  225  317  276 4014
 367  405  374  833,  405  410  406  160,  410  413  411  142,  413  415  414  114,  415  418  417  162,  418  449  440  437,    0    5    1  201,    5   72   31 1395,   72   75   73  162,   75   79   76  114,   79   82   81  142,   83   85   84  114,   90  200  142 7514,  200  204  201  154,  204  207  205  142,  207  211  208  114,  211  214  213  162,  214  287  259 2613
 363  402  369  684,  402  406  403  154,  406  410  407  114,  410  413  412  162,  413  441  431  420,    0   69   28 1334,   69   72   70  162,   72   78   73  114,   80   82   81  114,   87  196  137 7402,  196  200  197  154,  200  208  201  114,  208  282  253 2617
 388  446  402 1448,  446  450  447  114,  450  453  452  162,  453    0  473  381,    0   68   32 1585,   68   74   69  210,   74   78   75  114,   78   81   80  142,   81   83   82  114,   86  196  140 7358,  201  205  202  154,  205  208  206  142,  208  210  209  114,  210  300  258 3468
 367  416  385 1604,  416  421  417  160,  421  424  422  142,  424  427  426  162,  427  432  431  201,  432  455  449  377,    0   64   28 1143,   64   70   65  210,   70   73   71  162,   73   79   74  114,   80   82   81  114,   85  193  141 7337,  200  203  201  142,  203  207  204  114,  207  210  209  162,  210  214  213  186,  214  273  256 2141
 386  442  406 1229,  442  445  443  142,  445  451  446  114,  451  483  475  383,    0   66   35 1283,   66   71   67  201,   71   74   72  162,   74   80   75  114,   82   84   83  114,   88  205  145 8045,  205  209  206  154,  209  215  210  114,  215  297  262 3919
 379  419  388 1024,  419  429  420  171,  429  432  430  142,  432  436  433  114,  436  440  439  186,  440  469  462  387,    0   67   34 1237,   67   71   68  186,   71   74   72  162,   74   78   75  114,   86  205  141 7939,  205  208  206  142,  208  214  209  114,  214  294  260 3416
 377  431  397 1361,  431  435  432  154,  435  438  436  142,  438  440  439  114,  440  443  442  162,  443  473  472  247,    0   68   34  997,   68   73   71  190,   73   76   75  142,   78   80   79  114,   85  197  138 7761,  197  201  198  154,  201  205  202  114,  205  286  253 3778
 392  445  406 1478,  445  448  446  142,  448  450  449  114,  450  453  452  162,  453  458  457  201,  458  480  466  366,    0   72   34 1196,   72   77   73  201,   77   80   78  162,   80   82   81  114,   82   85   84  142,   85   87   86  114,   92  215  151 8243,  215  218  216  142,  218  222  219  114,  222  304  275 3234
 358  399  365  861,  399  402  400  142,  402  408  403  114,  408  415  414  217,  415  433  423  369,    0   67   33 1155,   67   70   68  162,   70   74   71  114,   83  196  136 7628,  196  199  197  142,  199  203  200  114,  203  271  249 3048
 358  394  362  543,  394  398  395  154,  398  404  399  114,  404  409  408  201,  409  431  425  371,    0   61   32 1182,   61   66   62  201,   66   72   67  162,   72   74   73  114,   83  198  137 7700,  198  201  199  142,  201  206  203  190,  206  277  251 2961
 360  388  364  525,  388  393  389  160,  393  395  394  114,  395  398  397  162,  398  402  401  186,  402  425  414  397,    0   64   30 1212,   64   69   65  201,   69   72   70  162,   72   74   73  114,   74   77   76  142,   78   80   79  114,   81   83   82  114,   84  200  136 7527,  200  206  201  114,  206  209  208  162,  209  273  249 2463
 372  404  377  705,  404  414  405  171,  414  420  415  142,  420  422  421  114,  422  425  424  162,  425  453  452  247,    0   71   34 1335,   71   77   72  114,   77   80   79  142,   81   83   82  114,   87  206  146 8198,  206  209  207  142,  209  213  210  114,  213  286  258 3248,  286  289  288  162
 368  391  376  555,  391  399  398  169,  410  413  411  142,  413  415  414  114,  415  418  417  162,  418  446  437  434,    0   66   30 1381,   66   70   67  186,   70   73   71  162,   73   75   74  114,   75   78   77  142,   79   82   81  162,   82   84   83  114,   84  195  141 7698,  202  205  203  142,  205  209  206  114,  209  283  254 2905
 380  423  391 1047,  423  432  424  170,  432  438  433  142,  438  441  440  162,  441  445  444  186,  445  473  464  429,    0    4    1  186,    4   70   32 1572,   70   73   71  162,   73   75   74  114,   75   78   77  142,   80   82   81  114,   86  201  141 7885,  201  204  202  142,  204  212  205  114,  212  290  253 3807
 370  417  379  905,  417  422  418  160,  422  428  423  114,  428  433  432  201,  433  458  451  440,    0   68   33 1428,   68   71   69  162,   71   75   72  114,   84  197  136 7651,  197  203  198  142,  203  205  204  114,  205  286  252 3591
