199 199, 188 199, 114 181, 111 180, 107 178, 104 176,  29 107,  27 105,  27 101,  31  97,  35  95,  41  93,  56  91, 113  85, 139  83, 148  83, 151  84, 157  87, 161  90, 199 120
199 189, 195 189, 115 169, 112 168, 108 166,  33  94,  32  93,  32  89,  36  85,  42  82,  46  81,  61  79, 113  74, 142  72, 150  72, 154  73, 158  75, 162  78, 199 109
199 196, 198 196, 111 177, 108 176, 104 174, 101 172,  22 115,  20 113,  20 109,  22 106,  23 105,  27 102,  33  99,  47  95,  51  94, 102  82, 130  77, 136  76, 137  76, 142  77, 150  81, 199 113
199 199, 190 199, 104 168,  98 165,  93 161,  91 159,  25  79,  24  77,  24  74,  27  71,  31  69,  36  68,  46  68, 123  71, 148  72, 154  75, 199 116
199 199, 185 199, 107 174, 104 173, 102 172,  96 168,  90 162,  26  92,  26  89,  31  84,  33  83,  39  81,  52  80, 136  74, 143  74, 149  76, 152  78, 199 118
199 199, 184 199,  97 164,  91 160,  84 153,  15  75,  15  71,  18  68,  22  66,  25  65,  31  64, 102  63, 109  63, 135  64, 140  65, 146  68, 199 119
199 199, 161 199,  87 172,  83 170,  80 168,  71 159,   0  78,   0  69,  13  66, 100  66, 123  68, 129  69, 132  70, 134  71, 137  73, 199 133
199 189, 197 189, 125 173, 121 172, 115 169, 109 165,  34  96,  32  94,  32  90,  36  86,  42  83,  46  82,  53  81, 118  72, 144  70, 152  70, 155  71, 161  74, 169  81, 199 110
199 199, 191 199, 115 179, 109 177, 105 175, 102 173,  17 110,  16 108,  16 106,  17 104,  22  99,  28  96,  31  95,  35  94, 101  78, 129  73, 138  73, 141  74, 143  75, 149  79, 153  82, 199 117
199 199, 177 199, 112 181, 106 179, 104 178, 101 176,  94 169,  15  89,  15  87,  16  85,  17  84,  21  82,  24  81,  28  80, 108  77, 119  77, 144  82, 148  83, 150  84, 153  86, 199 131
199 199, 173 199, 119 189, 114 188, 111 187, 105 184, 102 182,  17 114,  16 113,  16 109,  19 106,  22 104,  24 103,  30 101,  35 100, 106  87, 114  87, 143  89, 146  90, 148  91, 151  93, 199 134
199 188, 197 188, 115 170, 111 169, 108 168, 104 166,  17  99,  16  98,  16  94,  20  90,  23  88,  28  86,  32  85, 104  70, 138  70, 143  71, 146  72, 152  76, 198 111, 199 112
199 174, 195 174, 122 157, 118 156, 115 155, 113 154, 110 152,  28  84,  28  80,  29  78,  33  75,  37  73,  40  72,  45  71, 113  58, 125  58, 150  59, 153  60, 157  62, 161  65, 199  98
199 174, 196 174, 108 140, 104 138, 100 135,  94 129,  19  46,  19  43,  22  40,  24  39,  27  38,  32  37, 108  33, 117  33, 146  38, 149  39, 151  40, 155  43, 159  47, 199  92
199 199, 191 199, 101 166,  93 162,  90 160,   8  88,   7  87,   6  85,  11  80,  19  76,  23  75,  95  61, 101  61, 129  62, 133  63, 137  65, 140  67, 199 116
199 189, 195 189, 122 172, 119 171, 115 169, 112 167, 108 164,  35  99,  33  97,  33  94,  34  92,  35  91,  38  89,  42  87,  45  86, 112  72, 117  71, 119  71, 150  72, 153  73, 155  74, 158  76, 163  80, 199 113
199 182, 195 182, 121 163, 113 159, 109 156,  38  90,  36  88,  36  85,  37  83,  39  81,  45  78,  48  77, 117  63, 123  63, 151  64, 154  65, 158  67, 162  70, 199 105
199 199, 194 199, 106 163, 104 162, 101 160,  97 157,  92 152,  28  77,  28  74,  29  72,  32  70,  36  68,  42  67, 110  59, 142  63, 145  64, 149  66, 199 116
199 199, 170 199, 113 186, 109 185, 106 184, 102 182,  99 180,  92 173,  25 105,  25 102,  26 100,  27  99,  33  96,  36  95,  42  94, 106  86, 115  86, 138  88, 143  89, 146  90, 149  92, 154  96, 199 134
199 199, 188 199, 109 168, 103 165,  99 162,  21  94,  19  92,  19  90,  20  88,  22  86,  28  83,  31  82,  36  81, 102  68, 105  68, 137  70, 143  73, 146  75, 199 121
199 175, 196 175, 116 145, 110 142, 107 140,  29  67,  27  65,  27  63,  31  59,  35  57,  38  56,  42  55, 109  43, 113  43, 142  45, 146  46, 150  48, 153  50, 163  59, 199  93
199 199, 184 199, 106 172, 102 170,  98 167,  22 103,  20 101,  20  98,  21  96,  23  94,  26  92,  31  90,  99  74, 105  74, 135  75, 138  76, 140  77, 143  79, 147  82, 199 123
199 199, 187 199, 108 170, 104 168, 101 166,  23  89,  21  87,  21  84,  22  82,  25  80,  27  79,  30  78,  35  77, 107  70, 116  70, 138  74, 143  75, 146  76, 148  77, 151  79, 199 123
199 199, 187 199, 122 177, 118 175, 115 173,  39 106,  37 104,  37 101,  41  97,  45  95,  48  94, 115  81, 127  81, 145  82, 152  83, 158  86, 161  88, 199 124
199 195, 198 195, 127 171, 122 169, 119 167,  42  98,  41  97,  41  93,  45  89,  47  88,  53  86,  58  85, 119  73, 129  73, 151  75, 156  76, 162  79, 166  82, 199 115
199 178, 197 178, 133 157, 130 156, 124 153,  49  79,  48  78,  47  76,  47  75,  48  73,  49  72,  52  70,  54  69,  57  68,  62  67, 126  58, 136  58, 159  61, 163  62, 166  63, 168  64, 173  68, 199  93
199 183, 198 183, 195 182, 122 157, 118 155, 115 153,  32  87,  31  86,  31  83,  32  81,  33  80,  36  78,  42  75, 113  57, 121  57, 149  58, 152  59, 154  60, 160  64, 170  73, 199 101
199 185, 197 185, 123 155, 119 153, 116 151, 109 144,  41  75,  40  73,  41  70,  42  69,  45  67,  47  66,  50  65,  54  64, 120  54, 127  54, 155  58, 158  59, 160  60, 163  62, 174  73, 181  81, 199 102
199 199, 192 199, 118 166, 110 162, 107 160,  27  95,  26  94,  26  91,  27  89,  29  87,  32  85,  34  84,  37  83, 103  65, 107  64, 111  64, 139  65, 143  66, 146  67, 152  71, 161  79, 199 116
199 196, 198 196, 117 163, 115 162, 109 158,  33  91,  31  89,  31  85,  34  82,  38  80,  41  79, 109  62, 116  62, 141  63, 146  64, 152  67, 157  71, 199 113
