[[[ 299  327  306  256]]

 [[ 327  334  328  217]]

 [[ 334  339  335  201]]

 [[ 339  343  340  186]]

 [[ 343  347  344  114]]

 [[ 347  406  361 2449]]

 [[ 413  417  414  114]]

 [[ 417  420  419  162]]

 [[   0    4    1  114]]

 [[   4    9    6  176]]

 [[   9   12   11  142]]

 [[  15   40   29  895]]

 [[  40   42   41  114]]

 [[  42   48   44  162]]

 [[  48   53   52  201]]

 [[  53   59   58  210]]

 [[  59   67   66  222]]

 [[  67   79   78  234]]

 [[  79  111   87  256]]

 [[ 111  183  152 1424]]

 [[ 232  292  251 1259]]

 [[ 292  295  294  162]]

 [[ 295  299  298  186]]]
@ @
[[[ 330  335  331  201]]

 [[ 335  339  336  186]]

 [[ 339  345  340  162]]

 [[ 345  404  360 2504]]

 [[ 404  407  406  142]]

 [[ 410  413  411  142]]

 [[ 413  417  414  114]]

 [[   0    2    1  114]]

 [[   2   11    4  142]]

 [[  14   38   27  922]]

 [[  38   41   39  142]]

 [[  41   44   43  162]]

 [[  44   48   47  186]]

 [[  48   53   52  201]]

 [[  53   59   58  210]]

 [[  59   68   67  226]]

 [[  68   94   93  246]]

 [[ 105  182  146 1344]]

 [[ 230  292  251 1259]]

 [[ 292  295  294  162]]]
@ @
[[[ 307  333  308  246]]

 [[ 333  338  334  201]]

 [[ 338  342  339  186]]

 [[ 342  348  343  162]]

 [[ 348  408  364 2524]]

 [[ 412  415  413  142]]

 [[ 415  419  416  114]]

 [[   0    4    1  114]]

 [[   4   11    7  179]]

 [[  15   39   27  914]]

 [[  39   43   40  114]]

 [[  43   47   46  186]]

 [[  47   52   51  201]]

 [[  52   59   58  217]]

 [[  59   70   69  232]]

 [[ 105  182  151 1637]]

 [[ 231  298  255 1418]]

 [[ 298  302  301  186]]]
@ @
[[[ 318  341  319  245]]

 [[ 341  349  342  186]]

 [[ 349  355  350  162]]

 [[ 355  408  374 2216]]

 [[ 408  414  409  114]]

 [[ 415  419  416  114]]

 [[ 419  429  424  238]]

 [[   0    2    1  114]]

 [[   2   13    9  334]]

 [[  13   16   15  142]]

 [[  18   42   32  961]]

 [[  42   46   43  114]]

 [[  46   50   49  186]]

 [[  50   58   57  222]]

 [[  88  115   89  246]]

 [[ 115  187  150 1552]]

 [[ 236  303  263 1423]]

 [[ 303  306  305  162]]]
@ @
[[[ 303  334  316  256]]

 [[ 334  340  335  210]]

 [[ 340  348  341  186]]

 [[ 348  351  349  162]]

 [[ 351  409  369 2360]]

 [[ 409  411  410  114]]

 [[ 418  420  419  114]]

 [[ 420  423  422  162]]

 [[   0    3    1  162]]

 [[   3   15    7  284]]

 [[  19   42   31  772]]

 [[  42   48   44  162]]

 [[  48   52   51  186]]

 [[  52   58   57  210]]

 [[  58   65   64  217]]

 [[  65   74   73  226]]

 [[ 118  186  149 1461]]

 [[ 235  300  258 1379]]

 [[ 300  303  302  162]]]
@ @
[[[ 313  346  328  256]]

 [[ 346  351  347  201]]

 [[ 351  355  352  186]]

 [[ 355  361  356  162]]

 [[ 361  420  375 2127]]

 [[ 420  422  421  114]]

 [[ 422  426  425  154]]

 [[ 427  431  428  154]]

 [[ 431  433  432  114]]

 [[   0   15   10  541]]

 [[  15   19   16  114]]

 [[  19   46   34  997]]

 [[  46   48   47  114]]

 [[  48   51   50  162]]

 [[  51   55   54  186]]

 [[  55   61   60  210]]

 [[  61   68   67  217]]

 [[  68   81   80  236]]

 [[  81  111   96  255]]

 [[ 122  195  158 1412]]

 [[ 245  304  275 1427]]

 [[ 304  310  305  114]]

 [[ 310  313  312  162]]]
@ @
[[[ 340  350  341  201]]

 [[ 350  354  351  186]]

 [[ 354  409  369 2153]]

 [[ 409  412  410  162]]

 [[ 412  416  413  114]]

 [[ 416  420  419  154]]

 [[ 421  425  422  154]]

 [[ 425  427  426  114]]

 [[   0   18   10  598]]

 [[  21   47   35  999]]

 [[  47   49   48  114]]

 [[  49   55   51  162]]

 [[  55   59   58  186]]

 [[  59   69   63  201]]

 [[  69   82   75  234]]

 [[  82   89   88  217]]

 [[  89  109  100  280]]

 [[ 140  193  164 1047]]

 [[ 243  298  266 1412]]

 [[ 298  302  299  114]]

 [[ 302  306  305  186]]

 [[ 306  328  327  244]]]
@ @
[[[ 353  359  354  210]]

 [[ 359  420  376 2279]]

 [[ 420  426  421  114]]

 [[ 434  437  436  162]]

 [[   0    3    1  162]]

 [[   3   19    9  659]]

 [[  19   21   20  114]]

 [[  22   48   35 1013]]

 [[  48   54   49  114]]

 [[  54   60   56  162]]

 [[  60   64   63  186]]

 [[  64   79   68  201]]

 [[  79   90   84  229]]

 [[  90  109   96  240]]

 [[ 109  117  116  222]]

 [[ 117  193  173 1077]]

 [[ 250  304  271 1491]]

 [[ 304  310  305  114]]

 [[ 310  315  314  201]]

 [[ 315  337  330  348]]]
@ @
[[[ 302  308  303  210]]

 [[ 308  366  328 2091]]

 [[ 366  369  367  162]]

 [[ 369  371  370  114]]

 [[ 371  375  374  154]]

 [[ 375  379  376  154]]

 [[ 379  381  380  114]]

 [[ 381  384  383  162]]

 [[   0    3    1  162]]

 [[   3   17   12  504]]

 [[  17   19   18  114]]

 [[  23   44   31  732]]

 [[  44   48   45  114]]

 [[  48   51   50  162]]

 [[  51   59   54  186]]

 [[  59   65   64  210]]

 [[  65   78   71  234]]

 [[  78   85   84  217]]

 [[  85  101   93  254]]

 [[ 101  114  113  236]]

 [[ 125  171  149  622]]

 [[ 220  256  231  765]]

 [[ 256  259  257  142]]

 [[ 259  265  260  114]]

 [[ 265  271  270  210]]

 [[ 271  287  286  240]]]
@ @
[[[ 283  306  284  245]]

 [[ 306  310  307  186]]

 [[ 310  319  311  162]]

 [[ 319  370  334 2052]]

 [[ 370  376  371  114]]

 [[ 382  386  383  114]]

 [[ 386  389  388  162]]

 [[   0    3    1  162]]

 [[   3   19   10  460]]

 [[  20   45   35  932]]

 [[  45   47   46  114]]

 [[  47   50   49  162]]

 [[  50   56   55  210]]

 [[  56   64   63  222]]

 [[ 122  172  157  786]]

 [[ 221  268  235 1005]]

 [[ 268  274  270  162]]]
@ @
[[[ 293  319  307  256]]

 [[ 319  328  320  226]]

 [[ 328  335  332  211]]

 [[ 335  338  336  162]]

 [[ 338  393  357 2223]]

 [[ 393  395  394  114]]

 [[ 399  401  400  114]]

 [[ 401  413  407  354]]

 [[   0    2    1  114]]

 [[   2   17    8  632]]

 [[  20   56   41 2634]]

 [[  56   59   58  162]]

 [[  80  128  106  329]]

 [[ 128  135  129  217]]

 [[ 135  186  163  912]]

 [[ 235  290  250 1178]]

 [[ 290  293  292  162]]]
@ @
[[[ 304  327  305  245]]

 [[ 327  332  328  201]]

 [[ 332  338  333  162]]

 [[ 338  340  339  114]]

 [[ 340  398  355 2491]]

 [[ 402  404  403  114]]

 [[ 404  414  406  190]]

 [[ 414    0  416  162]]

 [[   0    3    1  162]]

 [[   3   20   12 1004]]

 [[  23   52   40 1732]]

 [[  52   54   53  114]]

 [[  54   57   56  162]]

 [[  79  118  106  313]]

 [[ 118  126  119  222]]

 [[ 126  133  127  217]]

 [[ 133  185  163  960]]

 [[ 233  290  253 1193]]

 [[ 290  293  292  162]]]
@ @
[[[ 302  325  303  245]]

 [[ 325  333  326  186]]

 [[ 333  339  334  114]]

 [[ 339  396  354 2645]]

 [[ 396  400  399  154]]

 [[ 400  403  401  142]]

 [[ 403  413  408  238]]

 [[ 413  416  415  162]]

 [[   0    2    1  114]]

 [[   2   18   10  781]]

 [[  21   50   38 1734]]

 [[  50   52   51  114]]

 [[  52   55   54  162]]

 [[  75   85   76  229]]

 [[  85  111  101  293]]

 [[ 111  119  112  222]]

 [[ 119  126  120  217]]

 [[ 126  132  127  210]]

 [[ 132  182  159  904]]

 [[ 230  286  251 1256]]

 [[ 286  289  288  162]]]
@ @
[[[ 298  320  299  244]]

 [[ 320  324  321  186]]

 [[ 324  330  325  162]]

 [[ 330  334  331  114]]

 [[ 334  393  349 2504]]

 [[ 393  397  396  154]]

 [[ 398  402  399  154]]

 [[ 402  404  403  114]]

 [[ 404  407  406  162]]

 [[   0    2    1  114]]

 [[   2   16    8  461]]

 [[  19   43   33  989]]

 [[  43   47   44  114]]

 [[  47   53   52  210]]

 [[  91  110   92  242]]

 [[ 110  119  111  226]]

 [[ 119  126  120  217]]

 [[ 126  177  158  936]]

 [[ 225  227  226  114]]

 [[ 227  284  243 1176]]]
@ @
[[[ 323  331  324  186]]

 [[ 331  334  332  162]]

 [[ 334  391  352 2471]]

 [[ 391  395  392  114]]

 [[ 395  398  397  142]]

 [[ 401  404  402  142]]

 [[ 404  408  405  114]]

 [[   0    3    1  162]]

 [[   3   17    9  349]]

 [[  20   44   33  922]]

 [[  44   48   45  114]]

 [[  48   51   50  162]]

 [[  51   56   55  201]]

 [[  56   62   61  210]]

 [[  62   72   71  229]]

 [[  72   85   84  236]]

 [[ 124  180  153  857]]

 [[ 229  278  248 1298]]

 [[ 278  284  279  114]]

 [[ 284  287  286  162]]]
@ @
[[[ 302  324  303  244]]

 [[ 324  332  325  186]]

 [[ 332  335  333  162]]

 [[ 335  341  336  114]]

 [[ 341  403  355 2475]]

 [[ 408  411  409  142]]

 [[ 411  415  412  114]]

 [[   0    4    1  114]]

 [[   4   17    9  419]]

 [[  19   45   35 1010]]

 [[  45   47   46  114]]

 [[  47   50   49  162]]

 [[  50   55   54  201]]

 [[  55   64   63  226]]

 [[  91  116   92  246]]

 [[ 116  126  117  229]]

 [[ 126  132  127  210]]

 [[ 132  182  162  907]]

 [[ 230  285  247  999]]

 [[ 285  288  287  162]]]
@ @
[[[ 325  333  326  222]]

 [[ 333  338  334  201]]

 [[ 338  341  339  162]]

 [[ 341  415  358 3320]]

 [[ 421  424  422  142]]

 [[ 424  426  425  114]]

 [[   0    2    1  114]]

 [[   2   15   10  453]]

 [[  15   18   17  142]]

 [[  18   47   36 1065]]

 [[  47   49   48  114]]

 [[  49   52   51  162]]

 [[  52   57   56  201]]

 [[  57   63   62  210]]

 [[  63   77   76  237]]

 [[ 120  127  121  217]]

 [[ 127  186  165 1064]]

 [[ 235  277  250  794]]

 [[ 277  287  278  114]]

 [[ 287  290  289  162]]

 [[ 290  320  319  247]]]
@ @
[[[ 331  335  332  186]]

 [[ 335  403  355 3317]]

 [[ 403  409  404  114]]

 [[ 415  419  416  114]]

 [[   0   15    9  351]]

 [[  17   41   29  866]]

 [[  41   45   42  114]]

 [[  45   48   47  162]]

 [[  48   52   51  186]]

 [[  52   57   56  201]]

 [[  57   63   62  210]]

 [[  63   72   71  226]]

 [[  72   83   82  232]]

 [[ 115  182  151 1356]]

 [[ 231  282  250 1219]]

 [[ 282  288  283  114]]

 [[ 288  291  290  162]]

 [[ 291  312  311  244]]]
@ @
[[[ 304  307  305  162]]

 [[ 307  368  327 2769]]

 [[ 368  374  369  114]]

 [[ 379  383  380  114]]

 [[   0    2    1  114]]

 [[   2   11    7  274]]

 [[  11   14   13  142]]

 [[  16   38   27  760]]

 [[  38   42   39  114]]

 [[  42   45   44  162]]

 [[  45   49   48  186]]

 [[  49   54   53  201]]

 [[  54   60   59  210]]

 [[  60   68   67  222]]

 [[  68   80   79  234]]

 [[ 111  167  133  977]]

 [[ 214  261  233 1091]]

 [[ 261  265  262  114]]

 [[ 265  268  267  162]]

 [[ 268  288  287  243]]]
@ @
[[[ 263  294  271  256]]

 [[ 294  300  295  162]]

 [[ 300  358  318 2651]]

 [[ 358  362  359  114]]

 [[ 368  370  369  114]]

 [[ 370  373  372  162]]

 [[   0    4    1  114]]

 [[   4   13    6  199]]

 [[  17   36   28  694]]

 [[  36   39   37  142]]

 [[  39   41   40  114]]

 [[  41   44   43  162]]

 [[  44   49   48  201]]

 [[  49   55   54  210]]

 [[  55   65   64  229]]

 [[  65   84   83  242]]

 [[ 101  162  131 1030]]

 [[ 208  251  226  905]]

 [[ 251  259  252  114]]

 [[ 259  263  262  186]]]
@ @
[[[ 270  294  271  245]]

 [[ 294  299  295  201]]

 [[ 299  302  300  162]]

 [[ 302  304  303  114]]

 [[ 304  364  320 2773]]

 [[ 364  367  366  142]]

 [[ 370  373  371  142]]

 [[ 373  375  374  114]]

 [[   0   12    6  213]]

 [[  14   36   26  746]]

 [[  36   40   37  114]]

 [[  40   43   42  162]]

 [[  43   49   48  210]]

 [[  91  101   92  229]]

 [[ 101  161  135 1133]]

 [[ 207  258  224  927]]

 [[ 258  261  260  162]]

 [[ 261  265  264  186]]]
@ @
[[[ 277  295  278  241]]

 [[ 295  303  296  222]]

 [[ 303  309  304  162]]

 [[ 309  311  310  114]]

 [[ 311  371  328 2961]]

 [[ 371  374  373  142]]

 [[ 379  382  380  142]]

 [[ 382  385  384  162]]

 [[   0    3    1  162]]

 [[   3   12    8  225]]

 [[  17   39   32  794]]

 [[  39   43   40  114]]

 [[  43   48   47  201]]

 [[  80  100   89  280]]

 [[ 100  112  101  210]]

 [[ 112  164  140 1160]]

 [[ 211  266  230 1093]]

 [[ 266  270  269  186]]]
@ @
[[[ 282  301  283  242]]

 [[ 301  306  302  201]]

 [[ 306  309  307  162]]

 [[ 309  313  310  114]]

 [[ 313  375  329 2898]]

 [[ 382  384  383  114]]

 [[ 384  387  386  162]]

 [[   0    4    1  114]]

 [[   4   12    8  205]]

 [[  17   38   29  857]]

 [[  38   42   39  114]]

 [[  42   47   46  201]]

 [[  78   98   87  280]]

 [[  98  105   99  217]]

 [[ 105  165  140 1004]]

 [[ 211  266  232 1046]]

 [[ 266  269  268  162]]]
@ @
[[[ 297  321  309  255]]

 [[ 321  325  322  186]]

 [[ 325  328  326  162]]

 [[ 328  390  347 2859]]

 [[ 390  393  392  142]]

 [[ 398  402  399  114]]

 [[   0   10    5  200]]

 [[  14   36   27  811]]

 [[  36   38   37  114]]

 [[  38   42   41  186]]

 [[  76   95   84  295]]

 [[  95  172  139 1702]]

 [[ 218  284  247 1334]]

 [[ 284  287  286  162]]]
@ @
[[[ 295  313  301  339]]

 [[ 313  319  314  210]]

 [[ 319  325  320  162]]

 [[ 325  327  326  114]]

 [[ 327  390  345 2943]]

 [[ 393  396  394  142]]

 [[ 396  398  397  114]]

 [[ 398  401  400  162]]

 [[   0    4    1  114]]

 [[   4   12   11  169]]

 [[  16   39   32  760]]

 [[  39   42   41  162]]

 [[  42   48   47  210]]

 [[  57   72   58  238]]

 [[  72   80   73  222]]

 [[  80   93   86  272]]

 [[  93   99   94  210]]

 [[  99  171  144 1571]]

 [[ 216  285  242 1133]]]
@ @
[[[ 302  326  303  245]]

 [[ 326  331  327  201]]

 [[ 331  334  332  162]]

 [[ 334  336  335  114]]

 [[ 336  399  355 2909]]

 [[ 399  403  402  154]]

 [[ 403  407  404  154]]

 [[ 407  411  408  114]]

 [[   0    2    1  114]]

 [[   2   13    6  226]]

 [[  16   38   30  798]]

 [[  38   42   39  114]]

 [[  42   46   45  186]]

 [[  46   55   54  226]]

 [[  78   93   79  238]]

 [[  93  104   94  232]]

 [[ 104  178  144 1699]]

 [[ 224  291  253 1350]]

 [[ 291  295  294  186]]]
@ @
[[[ 298  326  299  247]]

 [[ 326  330  327  186]]

 [[ 330  333  331  162]]

 [[ 333  397  349 2934]]

 [[ 397  400  399  142]]

 [[ 403  406  404  142]]

 [[ 406  408  407  114]]

 [[   0    2    1  114]]

 [[   2   12    6  252]]

 [[  16   38   29  781]]

 [[  38   42   39  114]]

 [[  42   47   46  201]]

 [[  47   55   54  222]]

 [[  97  108   98  232]]

 [[ 108  177  141 1440]]

 [[ 223  287  254 1434]]

 [[ 287  290  289  162]]

 [[ 290  294  293  186]]]
@ @
[[[ 322  381  343 1517]]

 [[ 381  388  382  217]]

 [[ 388  392  389  114]]

 [[ 399  403  400  114]]

 [[   0    7    4  211]]

 [[   7   10    8  162]]

 [[  10   12   11  114]]

 [[  12   15   14  142]]

 [[  15   35   26  624]]

 [[  38   44   39  142]]

 [[  44   46   45  114]]

 [[  46   51   48  190]]

 [[  51  100   82  574]]

 [[ 100  106  102  162]]

 [[ 106  114  109  186]]

 [[ 114  177  156 1333]]

 [[ 231  277  247 1452]]

 [[ 277  282  278  160]]

 [[ 282  285  283  142]]

 [[ 285  296  294  204]]

 [[ 296  306  297  114]]

 [[ 306  309  308  162]]]
@ @
[[[ 324  332  325  222]]

 [[ 332  391  349 1797]]

 [[ 391  394  392  162]]

 [[ 394  397  396  142]]

 [[ 401  405  402  154]]

 [[ 405  409  406  114]]

 [[   0    5    3  190]]

 [[   5   11    6  114]]

 [[  15   34   21  493]]

 [[  34   37   35  142]]

 [[  37   39   38  114]]

 [[  39   48   41  162]]

 [[  48  106   69  529]]

 [[ 106  110  109  186]]

 [[ 110  178  154 1676]]

 [[ 233  271  246 1046]]

 [[ 271  279  272  154]]

 [[ 279  282  280  142]]

 [[ 282  290  283  114]]

 [[ 290  295  292  190]]

 [[ 295  303  300  210]]

 [[ 303  309  305  162]]

 [[ 309  313  312  186]]]
@ @
[[[ 325  334  326  226]]

 [[ 334  386  349 1789]]

 [[ 386  391  387  201]]

 [[ 391  394  392  162]]

 [[ 394  398  395  114]]

 [[ 402  407  403  160]]

 [[ 407  409  408  114]]

 [[ 409    0  411  162]]

 [[   0    4    1  186]]

 [[   4   10    5  114]]

 [[  10   13   12  142]]

 [[  16   36   27  640]]

 [[  36   40   37  114]]

 [[  40   43   42  162]]

 [[  43   98   71  773]]

 [[  98  118  101  186]]

 [[ 118  177  152 1623]]

 [[ 232  263  246  904]]

 [[ 263  267  264  154]]

 [[ 267  273  268  142]]

 [[ 273  278  276  176]]

 [[ 278  286  279  114]]

 [[ 286  292  288  162]]

 [[ 292  312  295  186]]

 [[ 312  322  321  229]]]
@ @
