[[[160 132]]

 [[159 136]]

 [[158 139]]

 [[128 199]]

 [[ 79 199]]

 [[ 73 127]]

 [[ 73  95]]

 [[ 74  83]]

 [[ 75  75]]

 [[ 76  69]]

 [[ 77  64]]

 [[ 79  58]]

 [[ 80  56]]

 [[ 97  33]]

 [[100  30]]

 [[103  28]]

 [[108  25]]

 [[112  23]]

 [[114  23]]

 [[117  24]]

 [[121  26]]

 [[128  33]]

 [[155  84]]

 [[157  88]]

 [[158  92]]

 [[159  97]]

 [[160 104]]]
@ @
[[[160 134]]

 [[159 137]]

 [[128 199]]

 [[ 80 199]]

 [[ 73 122]]

 [[ 73 111]]

 [[ 74  85]]

 [[ 75  76]]

 [[ 76  70]]

 [[ 77  65]]

 [[ 78  61]]

 [[ 79  58]]

 [[ 81  55]]

 [[ 97  33]]

 [[100  30]]

 [[109  24]]

 [[111  23]]

 [[116  23]]

 [[120  25]]

 [[123  27]]

 [[126  30]]

 [[128  33]]

 [[156  84]]

 [[158  90]]

 [[159  94]]

 [[160  99]]]
@ @
[[[161 128]]

 [[160 132]]

 [[129 199]]

 [[ 80 199]]

 [[ 74 122]]

 [[ 74  87]]

 [[ 75  76]]

 [[ 76  69]]

 [[ 77  64]]

 [[ 78  60]]

 [[ 80  56]]

 [[ 96  33]]

 [[100  29]]

 [[107  24]]

 [[111  22]]

 [[115  22]]

 [[119  24]]

 [[122  26]]

 [[126  30]]

 [[156  82]]

 [[158  88]]

 [[159  92]]

 [[160  97]]

 [[161 123]]]
@ @
[[[162 129]]

 [[161 132]]

 [[131 199]]

 [[ 82 199]]

 [[ 76 127]]

 [[ 75 100]]

 [[ 75  70]]

 [[ 76  62]]

 [[ 77  58]]

 [[ 79  54]]

 [[ 94  32]]

 [[ 96  30]]

 [[ 99  28]]

 [[110  21]]

 [[112  20]]

 [[116  20]]

 [[126  24]]

 [[130  26]]

 [[131  27]]

 [[134  33]]

 [[157  80]]

 [[159  86]]

 [[161  94]]

 [[162 117]]]
@ @
[[[160 131]]

 [[159 134]]

 [[128 199]]

 [[ 79 199]]

 [[ 74 131]]

 [[ 74  87]]

 [[ 75  78]]

 [[ 76  71]]

 [[ 77  65]]

 [[ 78  61]]

 [[ 80  55]]

 [[ 96  33]]

 [[100  29]]

 [[112  21]]

 [[115  20]]

 [[118  20]]

 [[121  21]]

 [[123  22]]

 [[130  29]]

 [[131  31]]

 [[156  83]]

 [[157  86]]

 [[159  94]]

 [[160 100]]]
@ @
[[[163 131]]

 [[162 134]]

 [[159 140]]

 [[129 199]]

 [[ 79 199]]

 [[ 76 126]]

 [[ 76 115]]

 [[ 78  85]]

 [[ 79  72]]

 [[ 80  65]]

 [[ 81  59]]

 [[ 82  55]]

 [[ 83  52]]

 [[ 84  50]]

 [[102  25]]

 [[106  23]]

 [[121  16]]

 [[127  16]]

 [[129  17]]

 [[133  20]]

 [[134  21]]

 [[137  25]]

 [[138  27]]

 [[159  83]]

 [[161  89]]

 [[162  93]]

 [[163  98]]]
@ @
[[[165 114]]

 [[164 136]]

 [[163 140]]

 [[161 144]]

 [[129 199]]

 [[ 79 199]]

 [[ 77 146]]

 [[ 77 115]]

 [[ 79  95]]

 [[ 80  88]]

 [[ 82  75]]

 [[ 84  65]]

 [[ 85  61]]

 [[ 87  55]]

 [[ 88  53]]

 [[106  30]]

 [[109  27]]

 [[127  19]]

 [[132  19]]

 [[134  20]]

 [[138  23]]

 [[139  24]]

 [[142  28]]

 [[144  32]]

 [[145  35]]

 [[162  88]]

 [[163  92]]

 [[165 102]]]
@ @
[[[187 112]]

 [[185 134]]

 [[184 139]]

 [[181 145]]

 [[145 199]]

 [[ 95 199]]

 [[ 95 192]]

 [[ 98 116]]

 [[ 99 108]]

 [[102  89]]

 [[104  78]]

 [[107  63]]

 [[108  59]]

 [[110  53]]

 [[113  47]]

 [[132  25]]

 [[133  24]]

 [[135  23]]

 [[151  17]]

 [[154  16]]

 [[157  16]]

 [[160  17]]

 [[168  25]]

 [[171  31]]

 [[186  90]]

 [[187  96]]]
@ @
[[[174 132]]

 [[173 148]]

 [[172 154]]

 [[169 160]]

 [[167 163]]

 [[142 199]]

 [[ 93 199]]

 [[ 90 153]]

 [[ 90 142]]

 [[ 91 129]]

 [[ 93 113]]

 [[ 94 106]]

 [[ 96  93]]

 [[ 97  87]]

 [[ 99  79]]

 [[100  76]]

 [[102  72]]

 [[118  53]]

 [[122  49]]

 [[124  48]]

 [[138  42]]

 [[141  41]]

 [[142  41]]

 [[145  42]]

 [[147  43]]

 [[151  46]]

 [[154  50]]

 [[155  52]]

 [[156  55]]

 [[173 111]]

 [[174 117]]]
@ @
[[[150 146]]

 [[148 152]]

 [[123 199]]

 [[ 74 199]]

 [[ 67 149]]

 [[ 67  91]]

 [[ 68  83]]

 [[ 69  77]]

 [[ 70  74]]

 [[ 71  72]]

 [[ 87  49]]

 [[ 88  48]]

 [[104  39]]

 [[107  38]]

 [[108  38]]

 [[111  39]]

 [[115  41]]

 [[121  47]]

 [[124  53]]

 [[145 101]]

 [[148 110]]

 [[149 114]]

 [[150 137]]]
@ @
[[[139 141]]

 [[138 144]]

 [[112 199]]

 [[ 63 199]]

 [[ 55 148]]

 [[ 54 141]]

 [[ 49  93]]

 [[ 49  72]]

 [[ 50  69]]

 [[ 69  46]]

 [[ 72  43]]

 [[ 87  35]]

 [[ 89  34]]

 [[ 93  34]]

 [[105  39]]

 [[107  40]]

 [[111  44]]

 [[112  46]]

 [[135  96]]

 [[136  99]]

 [[138 106]]

 [[139 115]]]
@ @
[[[135 139]]

 [[134 142]]

 [[108 199]]

 [[ 60 199]]

 [[ 51 147]]

 [[ 50 140]]

 [[ 49 132]]

 [[ 45  93]]

 [[ 45  71]]

 [[ 46  68]]

 [[ 47  66]]

 [[ 63  44]]

 [[ 66  41]]

 [[ 82  32]]

 [[ 85  31]]

 [[ 88  32]]

 [[ 98  36]]

 [[100  37]]

 [[104  41]]

 [[130  92]]

 [[131  94]]

 [[133 100]]

 [[134 105]]

 [[135 128]]]
@ @
[[[131 140]]

 [[130 143]]

 [[105 199]]

 [[ 57 199]]

 [[ 47 149]]

 [[ 46 143]]

 [[ 45 136]]

 [[ 44 128]]

 [[ 41 102]]

 [[ 40  92]]

 [[ 40  72]]

 [[ 41  69]]

 [[ 42  67]]

 [[ 57  44]]

 [[ 60  41]]

 [[ 76  32]]

 [[ 78  31]]

 [[ 80  31]]

 [[ 83  32]]

 [[ 93  36]]

 [[ 96  38]]

 [[ 99  42]]

 [[125  90]]

 [[128  96]]

 [[130 104]]

 [[131 127]]]
@ @
[[[131 140]]

 [[106 197]]

 [[105 199]]

 [[ 57 199]]

 [[ 47 148]]

 [[ 46 141]]

 [[ 45 132]]

 [[ 44 113]]

 [[ 44  75]]

 [[ 45  69]]

 [[ 47  65]]

 [[ 61  42]]

 [[ 64  39]]

 [[ 78  30]]

 [[ 80  29]]

 [[ 84  29]]

 [[ 87  30]]

 [[ 89  31]]

 [[ 93  34]]

 [[ 94  35]]

 [[ 97  39]]

 [[125  90]]

 [[127  94]]

 [[129 100]]

 [[130 104]]

 [[131 126]]]
@ @
[[[148 141]]

 [[147 144]]

 [[144 150]]

 [[119 199]]

 [[ 70 199]]

 [[ 63 143]]

 [[ 63 104]]

 [[ 64  91]]

 [[ 65  81]]

 [[ 66  75]]

 [[ 67  70]]

 [[ 68  67]]

 [[ 70  63]]

 [[ 86  41]]

 [[ 89  38]]

 [[103  30]]

 [[106  29]]

 [[108  29]]

 [[112  31]]

 [[115  33]]

 [[118  36]]

 [[120  39]]

 [[122  43]]

 [[145  94]]

 [[146  97]]

 [[148 105]]]
@ @
[[[148 141]]

 [[147 144]]

 [[120 199]]

 [[ 72 199]]

 [[ 63 149]]

 [[ 62 143]]

 [[ 61 133]]

 [[ 60 108]]

 [[ 60  81]]

 [[ 61  72]]

 [[ 62  67]]

 [[ 63  64]]

 [[ 64  62]]

 [[ 79  37]]

 [[ 81  35]]

 [[ 94  27]]

 [[ 98  25]]

 [[101  25]]

 [[105  27]]

 [[108  29]]

 [[113  34]]

 [[141  88]]

 [[144  94]]

 [[145  97]]

 [[147 105]]

 [[148 127]]]
@ @
[[[156 114]]

 [[155 144]]

 [[154 147]]

 [[149 157]]

 [[125 199]]

 [[ 76 199]]

 [[ 67 140]]

 [[ 66 133]]

 [[ 66  90]]

 [[ 67  76]]

 [[ 68  70]]

 [[ 69  65]]

 [[ 70  62]]

 [[ 71  60]]

 [[ 89  33]]

 [[ 92  31]]

 [[105  23]]

 [[107  22]]

 [[111  22]]

 [[113  23]]

 [[116  25]]

 [[122  31]]

 [[153  93]]

 [[154  96]]

 [[155 101]]

 [[156 109]]]
@ @
[[[162 118]]

 [[161 139]]

 [[160 142]]

 [[157 148]]

 [[129 199]]

 [[ 80 199]]

 [[ 75 132]]

 [[ 75 100]]

 [[ 76  89]]

 [[ 77  80]]

 [[ 78  74]]

 [[ 79  69]]

 [[ 80  65]]

 [[ 81  62]]

 [[ 83  58]]

 [[100  36]]

 [[102  34]]

 [[117  25]]

 [[122  25]]

 [[126  27]]

 [[132  33]]

 [[135  39]]

 [[161  95]]

 [[162  99]]]
@ @
[[[166 125]]

 [[165 145]]

 [[164 148]]

 [[162 152]]

 [[135 199]]

 [[ 88 199]]

 [[ 85 143]]

 [[ 85 112]]

 [[ 86 100]]

 [[ 87  92]]

 [[ 88  86]]

 [[ 89  81]]

 [[ 90  77]]

 [[ 91  74]]

 [[ 93  70]]

 [[109  50]]

 [[111  48]]

 [[114  46]]

 [[123  41]]

 [[125  40]]

 [[130  40]]

 [[134  42]]

 [[139  47]]

 [[142  53]]

 [[165 106]]

 [[166 109]]]
@ @
[[[170 144]]

 [[169 148]]

 [[165 156]]

 [[141 199]]

 [[ 95 199]]

 [[ 91 138]]

 [[ 91 121]]

 [[ 92 102]]

 [[ 93  92]]

 [[ 94  86]]

 [[ 95  81]]

 [[ 96  78]]

 [[ 97  76]]

 [[ 99  73]]

 [[112  56]]

 [[116  52]]

 [[125  47]]

 [[129  45]]

 [[132  45]]

 [[135  46]]

 [[137  47]]

 [[143  53]]

 [[145  57]]

 [[168 107]]

 [[170 113]]]
@ @
[[[156 141]]

 [[155 145]]

 [[154 148]]

 [[130 199]]

 [[ 84 199]]

 [[ 76 139]]

 [[ 75 129]]

 [[ 75  87]]

 [[ 76  81]]

 [[ 77  78]]

 [[ 79  74]]

 [[ 92  53]]

 [[ 94  51]]

 [[106  43]]

 [[113  43]]

 [[115  44]]

 [[118  46]]

 [[121  49]]

 [[123  52]]

 [[152 102]]

 [[153 104]]

 [[154 107]]

 [[155 112]]

 [[156 136]]]
@ @
[[[139 140]]

 [[138 144]]

 [[116 199]]

 [[ 69 199]]

 [[ 59 147]]

 [[ 57 135]]

 [[ 55 115]]

 [[ 55  83]]

 [[ 56  78]]

 [[ 58  74]]

 [[ 70  53]]

 [[ 75  48]]

 [[ 84  41]]

 [[ 87  40]]

 [[ 90  40]]

 [[ 93  41]]

 [[ 96  43]]

 [[101  48]]

 [[103  51]]

 [[134  99]]

 [[135 101]]

 [[137 107]]

 [[138 115]]

 [[139 133]]]
@ @
[[[137 141]]

 [[136 144]]

 [[114 199]]

 [[ 68 199]]

 [[ 56 139]]

 [[ 55 132]]

 [[ 53 112]]

 [[ 53  81]]

 [[ 54  76]]

 [[ 56  72]]

 [[ 68  51]]

 [[ 73  46]]

 [[ 81  40]]

 [[ 85  38]]

 [[ 88  38]]

 [[ 91  39]]

 [[ 93  40]]

 [[100  47]]

 [[132  97]]

 [[134 101]]

 [[135 104]]

 [[136 109]]

 [[137 128]]]
@ @
[[[142 130]]

 [[141 133]]

 [[117 199]]

 [[ 71 199]]

 [[ 60 122]]

 [[ 58 103]]

 [[ 58  69]]

 [[ 59  65]]

 [[ 60  63]]

 [[ 73  41]]

 [[ 77  37]]

 [[ 87  29]]

 [[ 94  29]]

 [[ 98  31]]

 [[103  36]]

 [[105  39]]

 [[138  89]]

 [[139  92]]

 [[140  96]]

 [[142 120]]]
@ @
[[[133 130]]

 [[110 199]]

 [[ 65 199]]

 [[ 51 127]]

 [[ 50 121]]

 [[ 48 108]]

 [[ 47 100]]

 [[ 46  85]]

 [[ 46  76]]

 [[ 47  70]]

 [[ 48  67]]

 [[ 60  44]]

 [[ 64  40]]

 [[ 72  33]]

 [[ 76  31]]

 [[ 79  31]]

 [[ 82  32]]

 [[ 84  33]]

 [[ 87  35]]

 [[ 90  38]]

 [[127  88]]

 [[128  90]]

 [[130  96]]

 [[131 102]]

 [[133 120]]]
@ @
[[[142 128]]

 [[141 132]]

 [[114 199]]

 [[ 68 199]]

 [[ 60 125]]

 [[ 59 114]]

 [[ 58  99]]

 [[ 58  76]]

 [[ 59  67]]

 [[ 60  63]]

 [[ 62  59]]

 [[ 75  38]]

 [[ 78  35]]

 [[ 89  27]]

 [[ 91  26]]

 [[ 96  26]]

 [[100  28]]

 [[104  31]]

 [[107  35]]

 [[138  87]]

 [[139  89]]

 [[140  92]]

 [[141  97]]

 [[142 121]]]
@ @
[[[143 128]]

 [[142 132]]

 [[141 135]]

 [[114 199]]

 [[ 68 199]]

 [[ 61 130]]

 [[ 60 119]]

 [[ 60  77]]

 [[ 61  69]]

 [[ 62  64]]

 [[ 64  60]]

 [[ 78  39]]

 [[ 82  35]]

 [[ 92  28]]

 [[ 94  27]]

 [[100  27]]

 [[102  28]]

 [[105  30]]

 [[108  33]]

 [[110  36]]

 [[140  89]]

 [[141  92]]

 [[142  96]]

 [[143 124]]]
@ @
[[[139 124]]

 [[138 127]]

 [[133 137]]

 [[127 148]]

 [[125 151]]

 [[121 156]]

 [[ 85 199]]

 [[ 35 199]]

 [[ 35 195]]

 [[ 49 132]]

 [[ 51 124]]

 [[ 53 118]]

 [[ 71  69]]

 [[ 73  64]]

 [[ 74  62]]

 [[ 78  56]]

 [[ 81  53]]

 [[100  38]]

 [[103  36]]

 [[105  35]]

 [[108  34]]

 [[115  32]]

 [[122  32]]

 [[126  34]]

 [[133  41]]

 [[135  45]]

 [[136  52]]

 [[139 111]]]
@ @
[[[147 120]]

 [[146 124]]

 [[144 130]]

 [[141 138]]

 [[139 143]]

 [[135 151]]

 [[133 154]]

 [[127 162]]

 [[ 98 199]]

 [[ 45 199]]

 [[ 45 197]]

 [[ 60 129]]

 [[ 61 125]]

 [[ 78  67]]

 [[ 81  58]]

 [[ 82  56]]

 [[ 84  53]]

 [[100  36]]

 [[104  32]]

 [[110  29]]

 [[115  27]]

 [[121  27]]

 [[125  29]]

 [[129  32]]

 [[133  36]]

 [[135  39]]

 [[136  42]]

 [[146 101]]

 [[147 109]]]
@ @
[[[143 111]]

 [[142 121]]

 [[137 141]]

 [[135 147]]

 [[131 155]]

 [[128 160]]

 [[124 166]]

 [[121 170]]

 [[ 97 199]]

 [[ 47 199]]

 [[ 47 194]]

 [[ 60 135]]

 [[ 65 115]]

 [[ 81  60]]

 [[ 82  57]]

 [[ 84  53]]

 [[ 98  34]]

 [[101  31]]

 [[104  29]]

 [[110  26]]

 [[114  25]]

 [[117  26]]

 [[119  27]]

 [[124  31]]

 [[128  35]]

 [[130  39]]

 [[131  42]]

 [[132  47]]

 [[142  99]]

 [[143 108]]]
@ @
